Finger Velocity,Scap_X,Scap_Y,Scap_Z,Shoulder horiz abd-adduction,Shoulder flexion-extension,Shoulder internal-external rotation,elbow flexion-extension,forearm pronation-supination,wrist flexion-extension,wrist radial-ulnar deviation
1.09273951160694,-20.0238518368137,-15.5882474777522,7.68971621415856,-14.858580054255,-46.5360490302007,-31.0255283372634,63.0249883701749,-28.3449264910206,11.2784586386612,-13.5554005762265
1.33907752675878,-20.0294487230543,-15.5905712183334,7.70205535967615,-14.9245496310315,-46.5092220174955,-31.0262386035597,63.0208103173988,-28.2040784282027,10.7135139182526,-12.975617823226
1.60522604333005,-20.0364946977389,-15.5933939151626,7.71312152262525,-14.9917714619705,-46.4885307392534,-31.0264349056494,63.0209300301741,-28.044239584027,10.0451522250555,-12.2873405229754
1.88869179981832,-20.0450785605096,-15.59667648751,7.72247981637257,-15.0592905973809,-46.4747164009725,-31.0257462444923,63.0260162122267,-27.8642426889819,9.27273883426533,-11.4898071261507
2.18703126508355,-20.0552624964381,-15.600374114,7.72968762118901,-15.1260690612367,-46.468400206538,-31.0237428538247,63.0367199585071,-27.6629910471928,8.39797472307114,-10.5847443294186
2.49772708649338,-20.0670779778778,-15.6044357620308,7.73430379819842,-15.1909964846762,-46.4700566983679,-31.0199353288086,63.0536567816312,-27.4394781003852,7.42507643025711,-9.57657826367129
2.81813844522243,-20.0805219341548,-15.6088036298163,7.73589862392974,-15.2529020271892,-46.4799886483571,-31.0137749703783,63.0773869996206,-27.1928085077079,6.36086278671381,-8.47255214771179
3.14549006409466,-20.0955532761131,-15.6134125169191,7.73406422526862,-15.3105674266875,-46.4983043140751,-31.0046556023179,63.1083947146653,-26.9222206618982,5.21472353560426,-7.28272374752985
3.47688325674028,-20.1120898635609,-15.6181891455533,7.72842526116721,-15.362741034589,-46.5248978620364,-30.9919171071872,63.1470656783055,-26.6271104329104,3.99845042379905,-6.01982117059159
3.80932059558429,-20.1300060015815,-15.6230514663924,7.7186495710078,-15.4081527152988,-46.559433709489,-30.9748508934155,63.1936644134318,-26.307055762637,2.72592180919815,-4.69894564341369
4.13973953496073,-20.1491305454831,-15.6279079989356,7.70445848967667,-15.4455295207519,-46.6013354483514,-30.9527074487486,63.2483110520023,-25.9618415402555,1.41264664123139,-3.33712446720646
4.46505212343123,-20.1692456848263,-15.6326572740991,7.68563651673448,-15.4736120851974,-46.6497798968986,-30.9247060571205,63.3109584476117,-25.591483987594,0.0751909159604434,-1.95273446863279
4.78218883019257,-20.1900864658696,-15.6371874608998,7.66204002283742,-15.4911717130999,-46.7036966864333,-30.8900466599151,63.3813702244297,-25.1962536007909,-1.26947370476027,-0.564832944607915
5.08814496617453,-20.2113410991734,-15.6413762665645,7.63360468231502,-15.4970281424269,-46.7617736390523,-30.8479237327006,63.4591005144171,-24.7766955461621,-2.60464703816592,0.807554147641491
5.38002842248381,-20.2326520845028,-15.6450911989712,7.60035133844529,-15.4900679483639,-46.8224680328459,-30.7975419330744,63.5434761991709,-24.3336463044985,-3.91454601899252,2.14613111399442
5.65510758566995,-20.2536181687295,-15.6481902729691,7.56239003938885,-15.4692635050474,-46.8840236852153,-30.7381331657082,63.6335825003377,-23.8682453060606,-5.18486497695422,3.43396529645131
5.91085837582167,-20.2737971350915,-15.6505232300032,7.51992202843507,-15.433692345634,-46.9444936170852,-30.6689746162887,63.7282527467753,-23.3819403082213,-6.40320811093621,4.65601046751248
6.14500941808621,-20.2927094048292,-15.6519333252568,7.47323953019477,-15.3825566573843,-47.0017678965391,-30.5894072294748,63.8260630863945,-22.8764853514251,-7.55936865178172,5.7994928999936
6.35558441519789,-20.3098424152868,-15.6522597181866,7.42272324121965,-15.315202524941,-47.0536061080539,-30.4988540452412,63.9253328102292,-22.3539302975175,-8.64544813721109,6.85414930150228
6.54094084451498,-20.3246557225745,-15.6513404796893,7.36883750656989,-15.2311384020654,-47.0976737616859,-30.3968377630451,64.0241308233987,-21.8166012136351,-9.65582665205313,7.81232149521824
6.69980415964122,-20.3365867629308,-15.6490162013739,7.31212324160292,-15.1300521638266,-47.1315818511932,-30.282996878912,64.120288639448,-21.2670712155163,-10.5870082417532,8.66892466235705
6.83129673253622,-20.3450571960713,-15.6451341602686,7.2531887381091,-15.0118259824532,-47.1529286930956,-30.1570997420315,64.211420095501,-20.7081218195981,-11.437373756074,9.42131317039908
6.93496082344114,-20.3494797464471,-15.6395529579315,7.19269857068632,-14.87654819532,-47.1593431295522,-30.0190559064964,64.2949477888452,-20.1426953554135,-12.2068761555666,10.0690707398304
7.01077490769977,-20.3492654540221,-15.632147518884,7.13136088734628,-14.7245213097823,-47.1485281557557,-29.8689242115123,64.3681360269148,-19.5738395269524,-12.8967117344513,10.6137509704299
7.05916271443394,-20.343831243855,-15.6228143015336,7.06991342427147,-14.556265335724,-47.1183040364378,-29.7069171140706,64.4281298731131,-19.004645742838,-13.5089961120534,11.0585913401604
7.08099433580904,-20.3326077220308,-15.6114765474169,7.00910862618804,-14.3725157651166,-47.06665000394,-29.5334009259095,64.4719996735646,-18.4381833170731,-14.0464675637417,11.4082198489684
7.0775787425344,-20.3150471029917,-15.5980893751381,6.94969827902307,-14.1742157261394,-46.9917436773049,-29.3488917696675,64.4967902735917,-17.8774320314728,-14.5122334241435,11.6683693110327
7.0506469903372,-20.2906311693629,-15.5826445181002,6.89241807019891,-13.9625021114112,-46.8919974003512,-29.1540472592278,64.4995739781707,-17.3252158030103,-14.9095687293964,11.8456103616604
7.00232532986899,-20.258879160446,-15.5651745118263,6.83797248645235,-13.7386857922663,-46.7660907603911,-28.9496541152575,64.477506172028,-16.7841402715101,-15.2417705104567,11.9471107448055
6.93509735766756,-20.2193554813415,-15.5457561541079,6.78702044192983,-13.5042263564795,-46.6129986176072,-28.7366121344202,64.4278823862712,-16.2565369882371,-15.5120664868234,11.9804254381415
6.85175430577756,-20.1716771225864,-15.5245130834063,6.74016200095905,-13.2607021158885,-46.4320140525361,-28.5159151191002,64.3481954801465,-15.7444165457643,-15.7235734130637,11.9533196333059
6.75533262457867,-20.1155206800312,-15.5016173440119,6.69792652024616,-13.0097763961735,-46.2227657294845,-28.2886295213985,64.2361915092034,-15.2494324760826,-15.8792979277407,11.873624475318
6.64903825765322,-20.0506288647833,-15.4772898304523,6.66076248639303,-12.7531613250935,-45.9852292768379,-28.0558716473003,64.0899227909231,-14.7728571082197,-15.9821712951905,11.7491237497398
6.5361575533569,-19.9768163920821,-15.4517995304477,6.62902927097383,-12.4925804685534,-45.7197323977322,-27.8187843043367,63.907796669242,-14.3155698774557,-16.0351087640515,11.5874684025221
6.41995572383195,-19.8939751362417,-15.4254615164593,6.60299097054709,-12.229731721674,-45.4269535434467,-27.5785137645477,63.6886185265483,-13.8780578787656,-16.0410843033392,11.3961149342179
6.30356523040728,-19.8020784379206,-15.3986336695632,6.58281244378124,-11.9662518415962,-45.1079141074043,-27.3361878569604,63.4316276960637,-13.4604278227546,-16.0032121348949,11.1822833432064
6.18986842530375,-19.7011844515418,-15.3717121535626,6.56855760259688,-11.7036839102585,-44.7639642319774,-27.0928959017178,63.1365250870785,-13.0624280408106,-15.9248275330662,10.9529302984785
6.08138101828409,-19.5914384254741,-15.3451256904068,6.56018996093182,-11.4434488460633,-44.3967624640179,-26.8496710587241,62.8034915477567,-12.6834788347208,-15.809560441678,10.7147334053989
5.98014504288137,-19.4730738159069,-15.3193287206463,6.55757539558495,-11.1868218573526,-44.0082496457285,-26.6074755017104,62.4331962519766,-12.3227092878857,-15.6613963080416,10.4740826438593
5.88764135092157,-19.3464121473649,-15.2947935664683,6.56048702761801,-10.9349144650943,-43.6006175803853,-26.3671886607756,62.026794701958,-11.9789986450021,-15.484719196831,10.2370753031384
5.80473159506839,-19.2118615481957,-15.2720017514366,6.56861208601405,-10.6886624343482,-43.1762731602235,-26.1295986167545,61.5859162753706,-11.6510205027691,-15.2843329653289,10.0095110878437
5.73163770183656,-19.0699139077482,-15.25143467116,6.58156056463184,-10.4488196622342,-42.7377987768643,-25.8953965896237,61.112641596752,-11.3372882981753,-15.0654572537676,9.79688457117094
5.66796300754722,-18.9211406242609,-15.2335638513304,6.59887543022186,-10.2159577942933,-42.2879099428256,-25.6651743485023,60.6094703586271,-11.0362008849187,-14.8336963043093,9.60437280386084
5.61275415866601,-18.7661869407833,-15.2188410691395,6.62004408813826,-9.99047109963709,-41.8294111277905,-25.439424286019,60.0792805365347,-10.7460873005597,-14.594980135968,9.43681661851548
5.56459768364121,-18.6057649015949,-15.2076886437784,6.64451076847983,-9.77258594151533,-41.3651508500439,-25.2185418415547,59.525280211234,-10.4652500987773,-14.3554793637077,9.29869500051024
5.52174104929898,-18.4406450013401,-15.2004902151705,6.67168946279663,-9.56237404320594,-40.8979770593867,-25.0028299197539,58.9509534093305,-10.1920068148527,-14.1214968484813,9.19409279318477
5.4822258975044,-18.2716466394604,-15.1975823246069,6.70097702395186,-9.35976867530514,-40.4306938035225,-24.7925049294623,58.360001486825,-9.92472922704638,-13.8993410758747,9.12666283980683
5.44402125581364,-18.0996275302164,-15.1992470874827,6.73176604278513,-9.16458287917221,-39.9660200887662,-24.5877040647124,57.7562816069237,-9.66188007447089,-13.6951873582737,9.09958431364376
5.40514643430701,-17.9254722526505,-15.2057062085642,6.7634571367592,-8.97652888296581,-39.5065517343381,-24.3884934642992,57.1437438140097,-9.40204682211604,-13.5149335791731,9.11551943518519
5.36377628355839,-17.7500801562221,-15.2171165345961,6.79547032621794,-8.79523794456336,-39.0547268883953,-24.1948769165963,56.526368098292,-9.14397196822727,-13.3640573848007,9.17657107587457
5.31832467118678,-17.5743528672401,-15.2335672690948,6.82725522848436,-8.62027995263418,-38.6127957364636,-24.0068048144329,55.908102702673,-8.88657930759348,-13.2474815774285,9.28424392588958
5.26750481446477,-17.3991816664944,-15.2550788963335,6.85829986334897,-8.45118222254419,-38.1827947976662,-23.8241831039501,55.292804767553,-8.62899552788769,-13.1694539755633,9.43941193897524
5.21036716216659,-17.2254350248803,-15.2816037862235,6.88813793129132,-8.28744703317514,-37.7665260727072,-23.6468820083783,54.6841842591874,-8.37056654734889,-13.1334471614386,9.64229463604696
5.14631679652396,-17.0539465871799,-15.313028387536,6.91635449435308,-8.12856756113361,-37.3655411801369,-23.4747443439959,54.0857519933249,-8.11086810453783,-13.142082377786,9.89244455451625
5.07511294445551,-16.8855038837571,-15.3491768665429,6.94259005443447,-7.97404197504037,-36.9811304983959,-23.3075932826738,53.5007724504528,-7.8497102654776,-13.1970804730526,10.1887477002814
4.99685333790448,-16.7208380279391,-15.3898160099588,6.96654308002987,-7.82338554785443,-36.6143172280068,-23.1452394517329,52.9322219798202,-7.58713569330416,-13.2992413549821,10.5294383240432
4.91194604032647,-16.5606146263494,-15.4346611822116,6.9879710767448,-7.67614072460572,-36.2658562068048,-22.9874872950738,52.382752904029,-7.32341171459835,-13.4484519861725,10.9121287170171
4.82107112014246,-16.4054260926339,-15.4833831069449,7.00669032880582,-7.53188514634392,-35.9362372508215,-22.8341406499884,51.8546639623447,-7.05901640976976,-13.6437215882798,11.3338540095058
4.72513431730591,-16.2557855127334,-15.5356152339032,7.02257445996916,-7.39023768263317,-35.6256927470918,-22.6850075226467,51.3498774647789,-6.79461914810048,-13.8832414655937,11.7911311844664
4.62521468880817,-16.112122161967,-15.590961457864,7.03555197520326,-7.25086256894084,-35.3342091828643,-22.5399040695744,50.8699234624798,-6.5310561753294,-14.16446579882,12.2800307450386
4.52250817041927,-15.9747787216641,-15.6490039747789,7.04560295064467,-7.11347178258737,-35.0615422535547,-22.3986578080859,50.4159311634779,-6.26930203583848,-14.4842089805554,12.7962587743517
4.41826906270674,-15.8440101899107,-15.7093110862434,7.05275503878098,-6.97782581820811,-34.8072351505148,-22.2611100849664,49.9886277299621,-6.0104377630321,-14.8387546051448,13.3352465627107
4.31375161881912,-15.7199844330747,-15.7714447915889,7.05707894933978,-6.8437330374699,-34.5706395929558,-22.1271178359531,49.5883444847779,-5.75561689017974,-15.2239710825167,13.8922445939019
4.21015413073862,-15.6027842863366,-15.8349680352438,7.05868355608667,-6.71104776883191,-34.350939138167,-21.9965546775818,49.2150304384195,-5.50603041333035,-15.6354289887488,14.4624174976571
4.1085681033406,-15.4924110828023,-15.8994515046909,7.05771076785138,-6.5796673276646,-34.1471742806261,-21.869311391768,48.868272932707,-5.26287187495847,-16.0685156528976,15.0409365896782
4.00993517464039,-15.3887894694469,-15.9644798988148,7.05433028961637,-6.44952812411147,-33.958268834214,-21.7452958885618,48.5473250889584,-5.02730372970251,-16.5185430623159,15.6230668238292
3.91501428506149,-15.2917733515251,-16.0296576045412,7.04873438675208,-6.32060103252584,-33.7830570834603,-21.6244327562049,48.2511396459534,-4.80042610095573,-16.9808459005639,16.2042453551316
3.82436114055475,-15.2011527939092,-16.0946137309701,7.04113275286482,-6.19288621229456,-33.6203111882919,-21.5066625226155,47.9784086700161,-4.58324894007982,-17.4508673658254,16.780149430909
3.73832123149684,-15.1166616981234,-16.1590064573763,7.03174756939726,-6.06640758936757,-33.4687683292691,-21.3919407540922,47.7276085084206,-4.37666845948436,-17.9242312933629,17.3467519550371
3.65703662049859,-15.0379860681998,-16.2225266574448,7.02080883247476,-5.94120722343104,-33.3271570863479,-21.2802371036834,47.4970492354293,-4.18144852571109,-18.3967999444329,17.9003637605695
3.58046554379396,-14.9647726774272,-16.2849007682164,7.00855000851561,-5.81733979222762,-33.1942225569386,-21.1715343947727,47.2849277130436,-3.99820746894694,-18.864717558725,18.4376623291029
3.50841279271411,-14.8966379522471,-16.3458928781735,6.99520406471943,-5.69486741942543,-33.0687497427397,-21.0658277897428,47.0893832670823,-3.82741049961466,-19.3244403801428,18.9557073664012
3.44056807746706,-14.8331768994972,-16.405306014285,6.98099990543909,-5.57385505523772,-32.9495847724832,-20.9631240567305,46.908554875864,-3.66936764325908,-19.7727543766041,19.4519442398825
3.37654930154828,-14.773971917802,-16.4629826144852,6.96615923279847,-5.45436659151861,-32.8356535783521,-20.8634409170555,46.740638693271,-3.52423684393445,-20.2067822903754,19.9241967586794
3.31594797209884,-14.7186013495763,-16.5188041840768,6.95089383979403,-5.33646185862764,-32.7259777020804,-20.76680643564,46.5839446850689,-3.39203167321215,-20.6239819484008,20.3706510949863
3.25837480406808,-14.6666476432411,-16.5726901539338,6.93540333425265,-5.22019461313939,-32.6196869679439,-20.6732584063805,46.4369511476593,-3.27263293275359,-21.0221378964803,20.789832797083
3.2035048054157,-14.6177050051333,-16.6245959821851,6.91987328021863,-5.10561158506391,-32.5160288246248,-20.5828436824956,46.2983559007739,-3.16580335498143,-21.3993483908903,21.1805788489681
3.1511225477801,-14.5713864292013,-16.6745105642518,6.90447372904076,-4.99275260994035,-32.4143742298109,-20.4956174065308,46.1671229980116,-3.0712045852993,-21.754009613752,21.5420066227947
3.10116968687576,-14.5273300024515,-16.7224530358442,6.8893580965332,-4.88165182297758,-32.3142200317444,-20.4116421035999,46.0425238789083,-2.98841566626577,-22.0847987055017,21.8734813800698
3.05379783540634,-14.4852043974008,-16.7684690690125,6.87466232735051,-4.77233983899154,-32.2151878883107,-20.3309866130597,45.9241719913212,-2.91695232703928,-22.3906568497977,22.1745837303623
3.00943031638826,-14.4447134812128,-16.812626771907,6.8605042762441,-4.66484678694155,-32.1170198514771,-20.2537248478974,45.8120500424858,-2.85628648571197,-22.6707732369453,22.445078178319
2.96883578123422,-14.4055999952642,-16.8550123071888,6.84698323022471,-4.55920601798465,-32.0195708270997,-20.1799343863461,45.7065291901961,-2.80586547013822,-22.9245703312787,22.6848836129288
2.93321470255071,-14.3676482871753,-16.895725340818,6.83417949593255,-4.45545826743887,-31.9227981928692,-20.1096949135307,45.6083796602013,-2.76513053756085,-23.1516905335005,22.8940463421481
2.9042957712608,-14.3306861069141,-16.9348744223529,6.82215398185077,-4.35365602834896,-31.8267489180832,-20.043086539997,45.5187724695613,-2.73353432293105,-23.351984089717,23.0727160594423
2.8844326884884,-14.2945855061626,-16.9725723819248,6.81094771465015,-4.25386788993781,-31.7315445765799,-19.9801880283974,45.4392721438625,-2.71055687793567,-23.5254979589738,23.2211249451281
2.87668266804228,-14.2592629027153,-17.0089318112958,6.80058124229264,-4.15618260716924,-31.6373646778424,-19.9210749598587,45.3718205306086,-2.6957199859889,-23.6724652990751,23.3395699539731
2.88483750983686,-14.2246783867287,-17.0440606807202,6.79105389297824,-4.06071269233639,-31.5444287621977,-19.8658178688692,45.3187120216515,-2.68859945763152,-23.7932952391384,23.4283982221578
2.91337047377622,-14.1908343516882,-17.0780581325032,6.78234287838196,-3.96759734782514,-31.4529777170608,-19.8144803733856,45.2825606956355,-2.68883512795025,-23.88856264194,23.4879954402476
2.96726482136579,-14.1577735304829,-17.111010486716,6.7744022518782,-3.87700458449644,-31.3632547746164,-19.767117329776,45.2662600707671,-2.69613829533552,-23.9589975993581,23.5187769804239
3.05171103458634,-14.125576508492,-17.1429874928469,6.76716175664526,-3.78913238998404,-31.2754866483482,-19.7237730522135,45.2729363138262,-2.71029636330961,-24.0054744517094,23.5211815296116
3.17170086543153,-14.0943587743563,-17.1740388604073,6.76052562189316,-3.70420882643954,-31.189865257462,-19.6844796503015,45.3058958801688,-2.73117447931389,-24.029000177942,23.4956669566794
3.33159350210393,-14.064267358029,-17.2041910987152,6.75437138447046,-3.62249095057244,-31.1065304757556,-19.6492555511271,45.3685686605577,-2.75871401040907,-24.0307020534522,23.4427081238207
3.53475432822726,-14.0354770967248,-17.2334446900771,6.74854882589408,-3.54426246402609,-31.0255543242838,-19.6181042777388,45.4644477835336,-2.79292775623875,-24.0118144992486,23.3627963381155
3.78334779484322,-14.0081865626269,-17.2617716142397,6.74287912172453,-3.46983002369005,-30.9469270014182,-19.5910135530005,45.5970272659998,-2.83389187143758,-23.9736650512593,23.2564401338283
4.07830934243765,-13.9826136802636,-17.2891132406733,6.73715430212691,-3.39951817354156,-30.8705451048737,-19.5679547850138,45.7697387201089,-2.88173455174172,-23.9176593812181,23.1241670840622
4.41946077468733,-13.9589910555632,-17.3153786120864,6.73113711993348,-3.33366290358521,-30.7962023466302,-19.5488829677552,45.9858883143513,-2.93662163381837,-23.8452653256009,22.9665263621504
4.80570136947147,-13.9375610341709,-17.340443156195,6.72456141620908,-3.27260389541314,-30.7235829961971,-19.5337369988953,46.248595156633,-2.99873937400127,-23.7579959318272,22.7840918020047
5.23521044892379,-13.9185705062234,-17.3641478790505,6.71713306384101,-3.21667557373767,-30.6522582143524,-19.522440376784,46.5607322240526,-3.06827480955322,-23.6573915855949,22.5774652309786
5.70562107965451,-13.9022654802504,-17.3862991068253,6.70853155618274,-3.16619714505055,-30.5816853618292,-19.5149021926539,46.9248709136469,-3.14539426535732,-23.5450013123606,22.3472798612397
6.21415025632787,-13.8888854611941,-17.4066688475986,6.69841228830057,-3.12146186512079,-30.5112102895193,-19.5110182888676,47.3432302327596,-3.23022073631476,-23.4223633532062,22.0942035307856
6.75768814213124,-13.8786576870628,-17.4249958360112,6.68640955248701,-3.08272583301053,-30.4400725429648,-19.5106724191373,47.8176315857327,-3.32281102921827,-23.2909851262415,21.8189415952313
7.33285655297982,-13.8717913034796,-17.4409873039839,6.67214024000724,-3.05019665731846,-30.3674133449211,-19.5137372294726,48.3494600425687,-3.42313366455782,-23.1523227247942,21.5222392970204
7.93604797811012,-13.8684715800322,-17.454321499198,6.65520821145394,-3.02402237764873,-30.2922861520924,-19.5200748814921,48.9396328916812,-3.53104860314861,-23.0077601980885,21.2048834871206
8.56345446128572,-13.8688542911376,-17.4646509578345,6.63520927115659,-3.00428104767645,-30.2136695141458,-19.5295371622731,49.5885761785041,-3.6462898680019,-22.8585890262309,20.8677036480924
9.21109288705124,-13.873060394843,-17.4716065291045,6.61173665737443,-2.99097139156154,-30.1304818991641,-19.5419649662266,50.2962098083543,-3.76845207649333,-22.7059884187949,20.5115722582002
9.87483070643342,-13.88117114709,-17.4748021397764,6.58438693939007,-2.98400492950184,-30.0415980965661,-19.5571870914705,51.0619416383128,-3.89698178184804,-22.5510072702162,20.1374046226046
10.550414235672,-13.8932237887136,-17.4738402707945,6.5527661955394,-2.9831999298492,-29.9458667707535,-19.5750183578417,51.8846707939975,-4.03117435059849,-22.394548720867,19.7461583521903
11.2335003598567,-13.9092079384609,-17.4683180932997,6.51649633351747,-2.98827748592852,-29.8421287177182,-19.595257115781,52.7628002236667,-4.17017688231383,-22.2373582540491,19.3388326713644
11.9196916432486,-13.9290628165474,-17.4578341806735,6.47522140661996,-2.99885993922578,-29.7292353713629,-19.6176822679143,53.6942582510571,-4.31299741580333,-22.0800161093195,18.9164676818936
12.6045743516209,-13.9526754080786,-17.4419956821419,6.42861377706383,-3.0144717824997,-29.606067113717,-19.6420499668606,54.6765286211468,-4.45852036502272,-21.922934559764,18.4801436243535
13.2837586177445,-13.9798796527175,-17.4204258178449,6.37637997988363,-3.03454308292505,-29.4715509614344,-19.6680901854037,55.7066882655168,-4.6055277983436,-21.7663603440435,18.0309800904187
13.9529198498283,-14.0104567162255,-17.3927715388346,6.31826614732149,-3.05841537234848,-29.3246772294433,-19.6955033800224,56.781451767789,-4.75272584273859,-21.610382298574,17.5701350582067
14.6078404416325,-14.044136363036,-17.35871118828,6.25406286271022,-3.08534986374278,-29.1645148123502,-19.7239574846335,57.8972213086954,-4.89877519270933,-21.4549440087461,17.0988035469764
15.2444508585364,-14.0805994105454,-17.3179619986143,6.18360932325018,-3.11453777394465,-28.9902247765903,-19.7530854747579,59.0501407313811,-5.04232445708179,-21.2998610845809,16.618215624931
15.8588692252182,-14.1194812088689,-17.2702872586506,6.10679670280976,-3.14511246655304,-28.8010720209994,-19.7824837301082,60.2361522938775,-5.18204489771185,-21.1448424623763,16.129633480645
16.4474386149083,-14.160376056831,-17.215502982383,6.02357062086276,-3.17616307809674,-28.5964348358853,-19.8117113952526,61.4510546614469,-5.31666501065233,-20.9895149497353,15.6343473115622
17.0067613293979,-14.2028424376237,-17.1534839092676,5.93393264446038,-3.20674925465394,-28.3758122628962,-19.8402908959178,62.6905607293073,-5.44500338354705,-20.8334500820842,15.1336698964614
17.5337295579389,-14.2464089371576,-17.0841686689602,5.8379407776352,-3.23591660138793,-28.1388292233167,-19.8677097173795,63.9503539496903,-5.56599834705765,-20.6761922582947,14.6289298805502
18.0255519082785,-14.2905806947757,-17.0075639556418,5.7357089249267,-3.26271243120275,-27.8852394388358,-19.8934234973102,65.2261419600223,-5.67873313092227,-20.5172870960472,14.1214639810249
18.4797754116677,-14.3348462283367,-16.9237475789993,5.62740534955289,-3.28620139262546,-27.6149262176807,-19.9168604345596,66.5137064646499,-5.78245552796991,-20.3563090173529,13.6126084888125
18.8943027135389,-14.3786844725521,-16.8328702880161,5.51325017963716,-3.30548056507495,-27.3279012224376,-19.937426971339,67.8089485026223,-5.87659143483272,-20.1928872097838,13.1036905637008
19.2674042707187,-14.4215718716329,-16.7351562945804,5.39351204575731,-3.31969363323552,-27.0243013756416,-19.9545146667769,69.1079284272086,-5.96075203857506,-20.0267292183321,12.5960198559159
19.5977254826991,-14.4629893764473,-16.6309024508813,5.26850395667902,-3.3280437888027,-26.704384096056,-19.9675081371404,70.4069001168093,-6.03473481405735,-19.8576414512864,12.0908809232463
19.8842887869222,-14.5024292121518,-16.5204760556922,5.13857853400101,-3.3298050537234,-26.3685210916631,-19.9757938872104,71.702339122686,-6.09851884888171,-19.6855458845169,11.5895267772569
20.1264908446184,-14.5394013009971,-16.4043112838022,5.00412273008779,-3.3243317725572,-26.017190963319,-19.9787698022961,72.9909646326129,-6.15225528924662,-19.5104923132945,11.0931737303102
20.3240950329498,-14.573439241977,-16.2829042568797,4.86555215066205,-3.3110660840972,-25.6509708936006,-19.9758550198982,74.2697552909957,-6.19625388313674,-19.3326656544939,10.6029975573875
20.4772195396893,-14.6041057616714,-16.1568068073653,4.72330509893517,-3.28954325575683,-25.2705277038505,-19.9664998599489,75.5359590651421,-6.23096668255275,-19.1523880149566,10.120130850368
20.5863214271719,-14.6309975601053,-16.02661902847,4.57783645556494,-3.25939484681187,-24.8766085532406,-19.9501954661783,76.78709748192,-6.25696995666823,-18.9701154846106,9.64566134265207
20.652177091777,-14.6537494844524,-15.8929807472615,4.4296115085801,-3.22034975348157,-24.4700315259368,-19.9264828044414,78.0209646759395,-6.27494527229766,-18.7864298586003,9.18063092493855
20.6758595929218,-14.672037973705,-15.756562097455,4.27909984817311,-3.17223327563796,-24.0516763111806,-19.8949606839026,79.2356217889258,-6.28566053640616,-18.6020257125821,8.72603505349958
20.6587133608907,-14.6855837297274,-15.6180533989373,4.1267694403889,-3.11496442732821,-23.6224751331924,-19.8552925143778,80.4293873415959,-6.28995159616558,-18.4176934400995,8.28282226603876
20.6023268154916,-14.6941535855356,-15.4781545694145,3.97308098923183,-3.04855178288241,-23.1834040397435,-19.8072115791508,81.6008242637114,-6.28870478740328,-18.2342990188252,7.8518935647635
20.5085034374686,-14.6975615609683,-15.337564299123,3.81848268940815,-2.97308819635711,-22.7354746164576,-19.7505246757579,82.7487243107684,-6.28284064225341,-18.0527614025736,7.43410148980457
20.3792318320625,-14.6956691176993,-15.196969215215,3.66340546557287,-2.88874474899466,-22.2797261615537,-19.685114051363,83.8720906122499,-6.27329883311412,-17.8740285170369,7.03024876529059
20.2166553096288,-14.6883846470524,-15.0570332544267,3.50825879114424,-2.79576426997535,-21.8172183302644,-19.6109376344035,84.9701190847503,-6.26102435053786,-17.6990528456388,6.64108643641311
20.0230414826136,-14.6756622434716,-14.9183874557429,3.35342717771775,-2.69445474526444,-21.3490242356752,-19.5280276382834,86.0421794033946,-6.24695488247958,-17.5287675264935,6.26731143207293
19.8007523425545,-14.657499832776,-14.7816203794042,3.19926741855467,-2.58518288212105,-20.8762239717922,-19.4364876763738,87.0877961562721,-6.23200937009704,-17.3640637641648,5.90956350728558
19.5522152364701,-14.6339367368191,-14.6472693527292,3.04610665302629,-2.4683680381578,-20.3998985040878,-19.33648856946,88.1066307099498,-6.21707774659521,-17.2057702169088,5.56842156404822
19.2798951106228,-14.6050507658145,-14.5158127335561,2.89424129457459,-2.34447666054848,-19.9211238524967,-19.2282630451756,89.0984641957339,-6.20301190153859,-17.0546348713333,5.24439942369817
18.9862683329868,-14.5709549387869,-14.3876633630231,2.74393683482333,-2.21401731961327,-19.4409654772562,-19.1120995312151,90.0631818988953,-6.19061793247571,-16.9113097778288,4.93794121820516
18.6737983457626,-14.5317939415823,-14.2631633461973,2.59542850127564,-2.07753636699645,-18.9604727769633,-18.9883352386143,91.0007592112219,-6.18064973567779,-16.7763389015448,4.64941666497725
18.3449133380125,-14.4877404367324,-14.1425802542441,2.44892270609047,-1.93561420435304,-18.4806736231228,-18.8573487224257,91.9112492009044,-6.17380395287113,-16.6501492437795,4.37911656703026
18.00198606801,-14.4389913363506,-14.0261047944815,2.30459918081232,-1.78886211056813,-18.0025688821315,-18.7195520957852,92.7947717660257,-6.17071624774896,-16.5330453014041,4.12724891710286
17.6473159072494,-14.3857641387361,-13.9138499526655,2.16261364956938,-1.63791953773332,-17.527126907972,-18.5753830608031,93.6515042680064,-6.17195884814813,-16.4252068578735,3.8939359763135
17.2831131251267,-14.3282934147567,-13.8058515769992,2.02310085599427,-1.4834517467283,-17.0552780214974,-18.4252969098115,94.4816734872352,-6.17803926117089,-16.3266900403161,3.67921265899172
16.9114853867935,-14.2668275125526,-13.7020703431169,1.88617773491384,-1.3261476186269,-16.5879090215793,-18.2697586498738,95.2855487033045,-6.18940005131786,-16.2374315235661,3.48302649966769
16.5344263979524,-14.2016255278067,-13.6023950107973,1.75194651626699,-1.16671745677553,-16.1258577985581,-18.1092354174171,96.0634356759799,-6.20641956944521,-16.1572556990073,3.30523940967066
16.1538066004155,-14.132954562292,-13.5066468560211,1.62049756718232,-1.00589058991062,-15.6699081410258,-17.944189377056,96.8156712895602,-6.2294135326625,-16.085884552479,3.14563134894599
15.7713658016079,-14.061087268713,-13.4145851385896,1.49191181265522,-0.844412597901467,-15.2207848415696,-17.775071329322,97.5426186228416,-6.25863737616113,-16.0229499278616,3.00390594677903
15.388707609889,-13.9862996590653,-13.3259134479587,1.36626261615057,-0.683042005994123,-14.7791492151104,-17.6023152716675,98.2446622215763,-6.2942893218603,-15.9680078099925,2.87969800906729
15.0072955450495,-13.9088691404029,-13.2402867574145,1.24361704099325,-0.522546327201017,-14.3455951469845,-17.4263341537201,98.9222033817949,-6.33651413388563,-15.9205542446917,2.77258275237545
14.6284506985646,-13.8290727376349,-13.1573190072168,1.124036449432,-0.363697371395802,-13.920645788904,-17.247517035663,99.575655298199,-6.38540755368193,-15.8800425105954,2.68208650337227
14.2533508295631,-13.7471854663589,-13.0765910313063,1.00757643120695,-0.207265782494276,-13.5047510162042,-17.0662277971579,100.205437987156,-6.44102141569232,-15.8459011505721,2.60769849531203
13.883030798018,-13.6634788265206,-12.9976586426648,0.894286089957913,-0.054014815233534,-13.098285741942,-16.8828054567458,100.811972956379,-6.50336942192006,-15.8175524500713,2.54888329274131
13.5183842540775,-13.578219397186,-12.9200607012304,0.784206754002841,0.0953065778249225,-12.7015491501751,-16.697566057383,101.395677662703,-6.57243349657212,-15.7944309138339,2.50509330725728
13.1601665193107,-13.4916675226003,-12.8433270035122,0.677370215989676,0.239971217359315,-12.3147648712965,-16.5108059674735,101.956959870134,-6.64817056632108,-15.7760012500778,2.47578085751333
12.8089986095494,-13.404076088981,-12.7669858508618,0.573796640473022,0.37928154390495,-11.9380820905328,-16.3228063527397,102.496212081626,-6.73051954095382,-15.7617753437916,2.46040928630732
12.4653723578651,-13.3156893990521,-12.6905711709147,0.473492305206877,0.512577624144304,-11.5715775625818,-16.1338385015228,103.013806260569,-6.81940821746175,-15.7513277075403,2.45846276360474
12.1296565983945,-13.2267421567978,-12.6136290845629,0.376447356693329,0.639245082548665,-11.2152584943858,-15.9441696383019,103.510089080017,-6.91475979836313,-15.7443089409543,2.46945454745959
11.8021043662491,-13.137458578788,-12.5357238324833,0.282633761043415,0.758722714053311,-10.8690662436022,-15.754068836826,103.985377943363,-7.01649869770694,-15.7404567960634,2.49293361470601
11.4828610554588,-13.0480516508141,-12.4564430032975,0.192003617615772,0.870509529305764,-10.5328807594786,-15.5638126418408,104.439958013212,-7.12455530705703,-15.7396045213125,2.52848968981545
11.1719734565115,-12.9587225484032,-12.3754020378108,0.104487977236727,0.974170988503527,-10.2065256723285,-15.3736900244641,104.874080466545,-7.23886941677594,-15.7416862346351,2.57575678359937
10.8693995691088,-12.8696602357644,-12.2922480151733,0.0199962724877965,1.06934419653312,-9.88977392500731,-15.1840063311013,105.287962162145,-7.35939204150674,-15.7467391554492,2.63441540005893
10.5750190565269,-12.7810412499394,-12.2066627528526,-0.0615835715476592,1.15574186166516,-9.58235383520249,-14.9950859398537,105.681786859921,-7.48608548130972,-15.7549026114783,2.70419358039365
10.2886441782255,-12.6930296668889,-12.1183652712873,-0.140384318169366,1.23315486096924,-9.2839554773783,-14.8072734105696,106.055708072869,-7.61892155241408,-15.7664138294226,2.7848669315383
10.0100310100633,-12.6057772356668,-12.0271136854033,-0.216557903128221,1.30145330728807,-8.99423727674824,-14.6209330024373,106.409853565139,-7.75787803226254,-15.7816006176481,2.87625774034657
9.73889073955677,-12.5194236573003,-11.9327065876416,-0.290273270369883,1.3605860761821,-8.7128327175738,-14.4364465315946,106.744331437423,-7.90293347427628,-15.8008711595073,2.97823321765183
9.47490080953119,-12.4340969783901,-11.834983979368,-0.361713640971821,1.41057882595552,-8.43935708673088,-14.2542096429807,107.059237666238,-8.05406065486464,-15.8247012602314,3.09070286429813
9.2177156790821,-12.3499140671798,-11.7338277906978,-0.431073323539164,1.4515306212745,-8.1734141961211,-14.0746266660984,107.354664890468,-8.21121901199564,-15.8536195144786,3.21361491317851
8.96697697695697,-12.2669811412882,-11.629162008789,-0.498554191683992,1.48360933562161,-7.91460304231475,-13.8981043042661,107.630712172923,-8.37434650823866,-15.8881909586602,3.34695178140238
8.72232283933954,-12.1853943188885,-11.5209524197434,-0.56436195971032,1.50704604743458,-7.66252435946922,-13.7250444662562,107.887495412763,-8.54335139060046,-15.9289998162463,3.49072446898048
8.48339625075213,-12.1052401659785,-11.4092059651427,-0.628702379976943,1.5221286576803,-7.41678700273129,-13.5558365902735,108.125158048616,-8.71810432284554,-15.9766319233091,3.64496586766771
8.24985224181433,-12.0265962105454,-11.2939697224627,-0.6917774644751,1.52919494983543,-7.1770140706432,-13.3908498397369,108.343881669836,-8.89843133726341,-16.0316573460665,3.80972299094987
8.02136383879271,-11.9495313924374,-11.1753295363258,-0.753781802026408,1.52862529656836,-6.94284864360793,-13.2304255706626,108.543896141145,-9.08410799728318,-16.0946135994555,3.98504819128514
7.7976267048139,-11.8741064209932,-11.0534083460192,-0.814899011212196,1.52083520039741,-6.71395899089153,-13.0748704737449,108.725488845133,-9.27485508706945,-16.1659897745552,4.17098948239445
7.57836245877862,-11.8003740248433,-10.9283642622285,-0.875298352894329,1.50626784407023,-6.49004309347573,-12.9244507663341,108.889012663603,-9.47033605675578,-16.2462118090508,4.3675801281181
7.36332070301754,-11.7283790973244,-10.8003884386506,-0.935131534489309,1.48538681848381,-6.27083234959109,-12.7793877411992,109.03489235657,-9.6701563570168,-16.335629109186,4.5748276925639
7.15227983246428,-11.6581587591497,-10.6697027715143,-0.994529765759952,1.45866918432433,-6.05609436467665,-12.6398548740967,109.163629054833,-9.87386469905965,-16.4345027451992,4.7927027585669
6.94504673486443,-11.5897423713619,-10.5365574550168,-1.05360115749538,1.42659900312817,-5.84563476199981,-12.5059765661143,109.275802653776,-10.0809561839014,-16.5429954475528,5.02112749801618
6.7414555220031,-11.5231515356732,-10.4012284273554,-1.11242857583221,1.3896614447414,-5.63929797575226,-12.3778284711673,109.37207197786,-10.2908771644099,-16.6611635803411,5.25996422048667
6.54136545526397,-11.4584001185956,-10.2640147544422,-1.17106806776147,1.34833754466384,-5.4369670085612,-12.2554392573991,109.453172673073,-10.5030316353903,-16.7889511566001,5.5090039669116
6.3446582445815,-11.3954943324621,-10.1252360069856,-1.22954795496044,1.30309964996493,-5.23856215936984,-12.1387935895166,109.519912873665,-10.7167888888136,-16.9261858221954,5.76795519447679
6.15123490792164,-11.3344329017978,-9.9852296840457,-1.28786865751444,1.25440755889776,-5.04403876159461,-12.0278360933082,109.573166775629,-10.9314921228115,-17.07257661666,6.0364326444278
5.96101237903314,-11.2752073388548,-9.84434872021994,-1.34600326603285,1.2027053286652,-4.85338401398998,-11.9224760525538,109.613866329918,-11.1464676565779,-17.2277132699234,6.31394660432863
5.77392004480449,-11.2178023488969,-9.70295908714685,-1.40389883973647,1.14841870048502,-4.66661303242417,-11.822592576122,109.642991339678,-11.3610343847314,-17.3910668545079,6.59989296628813
5.58989638079818,-11.1621963842687,-9.56143746930471,-1.46147837361428,1.09195307555656,-4.48376429429435,-11.7280399645954,109.661558302362,-11.5745131134385,-17.5619917810174,6.89354471533817
5.40888583523779,-11.1083623645586,-9.42016896698746,-1.51864334966462,1.03369197277686,-4.30489468197215,-11.6386530176262,109.67060837469,-11.7862354628486,-17.7397293354692,7.19404569317612
5.23083608885935,-11.0562685754767,-9.27954476232955,-1.57527676550054,0.973995907028985,-4.13007435037578,-11.5542520604976,109.671194854286,-11.9955520899458,-17.9234131206613,7.50040759173572
5.05569579168708,-11.0058797492863,-9.13995967974755,-1.63124651950392,0.913201639667729,-3.95938164323468,-11.4746475205332,109.664370566234,-12.2018400641508,-18.112076820159,7.81151108735456
4.88341284912766,-10.9571583140406,-9.00180957927918,-1.68640902579669,0.851621764646534,-3.79289826480176,-11.399643939403,109.651175516518,-12.4045092947471,-18.3046646359443,8.12611182542324
4.71393330003129,-10.9100657786091,-8.86548853777944,-1.74061293360553,0.789544601234697,-3.630704883589,-11.3290433619864,109.632625132384,-12.6030079558935,-18.5000445789953,8.44285163714815
4.54720079979597,-10.8645641987838,-8.73138579599169,-1.7937028334509,0.72723436675047,-3.47287730770843,-11.262648093375,109.609699361248,-12.7968268883106,-18.6970245656083,8.7602749717819
4.3831566934212,-10.8206176509542,-8.59988247646666,-1.84552284740533,0.664931601221828,-3.31948333212709,-11.2002628550999,109.583332852025,-12.9855029881625,-18.8943710452847,9.07685013809586
4.2217406377892,-10.7781936278362,-8.47134810586591,-1.89592002204616,0.602853813020494,-3.17058031969124,-11.1416963928669,109.55440639648,-13.1686216272714,-19.0908296856435,9.39099463450609
4.06289171035903,-10.7372642682638,-8.3461370029023,-1.94474746697223,0.541196313417212,-3.02621354141497,-11.0867625942917,109.523739760535,-13.345818179632,-19.2851474694838,9.70110362774415
3.90654992369236,-10.697807340699,-8.22458461837259,-1.99186720258506,0.480133208913013,-2.88641526410002,-11.0352811785674,109.492085983035,-13.5167787476837,-19.4760954242671,10.0055804934284
3.75265805232385,-10.6598069156792,-8.10700393637597,-2.03715269366335,0.41981852001653,-2.75120452914431,-10.9870780290206,109.460127162348,-13.6812401818177,-19.6624911171499,10.3028682289241
3.60116367069936,-10.6232536824352,-7.99368206410513,-2.08049105050506,0.360387393019439,-2.62058751756052,-10.9419852491567,109.428471693045,-13.8389894742902,-19.8432200150387,10.591480479983
3.45202129819057,-10.5881448871308,-7.8848771444096,-2.12178488115092,0.301957371330842,-2.4945583583635,-10.8998410214405,109.397652864531,-13.9898626007445,-20.0172548333888,10.8700309084031
3.30519454923597,-10.5544838933272,-7.78081571263414,-2.16095378013117,0.244629698276715,-2.37310022799699,-10.8604893324661,109.368128699804,-14.1337428906651,-20.1836720992524,11.1372597132827
3.16065819289528,-10.5222793874395,-7.68169058730798,-2.19793544264128,0.188490631198716,-2.25618660990004,-10.8237796077329,109.340282898453,-14.2705590280786,-20.3416653518634,11.3920563381077
3.01840003578462,-10.4915442706235,-7.58765934285218,-2.23268639815754,0.133612752096465,-2.14378262190395,-10.7895662853795,109.314426748554,-14.4002828017194,-20.4905546707098,11.6334777194812
2.87842255461373,-10.4622942924266,-7.49884337207072,-2.2651823646524,0.0800562617497113,-2.03584635758097,-10.7577083541509,109.290801879135,-14.5229267290903,-20.6297924818556,11.8607617611437
2.74074421844875,-10.4345464906565,-7.41532751211959,-2.295418234486,0.0278702452839805,-1.93233021517926,-10.7280688828315,109.269583731709,-14.6385416690021,-20.7589657881032,12.073335962758
2.60540045546842,-10.4083175063652,-7.33716018315487,-2.32340771577991,-0.0229061000192798,-1.83318220013817,-10.7005145723253,109.250885631888,-14.7472145144834,-20.8777950998051,12.2708212960299
2.47244423353469,-10.383621842517,-7.26435397782271,-2.34918266725355,-0.0722422808181171,-1.73834718418367,-10.6749153655831,109.234763340706,-14.8490660264915,-20.9861304481983,12.4530315527049
2.34194623764528,-10.3604701303724,-7.19688664260345,-2.3727921777519,-0.120115374501488,-1.64776809044644,-10.6511441520348,109.221219965303,-14.9442488348157,-21.0839449586225,12.6199685162076
2.21399463970446,-10.3388674610084,-7.13470240216474,-2.39430145172171,-0.166508958852659,-1.5613869600966,-10.6290765971435,109.21021111606,-15.0329456031354,-21.1713265288871,12.7718134144784
2.08869446662451,-10.3188118341801,-7.07771358548816,-2.41379056727883,-0.211412121925381,-1.47914585293163,-10.6085911104679,109.201650212709,-15.115367334698,-21.2484681765222,12.9089151749055
1.96616658128798,-10.3002927754032,-7.02580251227555,-2.43135317367391,-0.254818566602096,-1.4009875474658,-10.5895689398504,109.195413860472,-15.1917517829418,-21.3156575913444,13.0317760278657
1.8465462972269,-10.283290173003,-6.97882359331662,-2.44709518911062,-0.296725811008104,-1.32685602986968,-10.5718943545047,109.191347233579,-15.2623619234038,-21.3732663804794,13.1410350127768
1.72998165198334,-10.2677733850451,-6.93660559702998,-2.46113354653097,-0.337134468923045,-1.25669678323712,-10.555454866516,109.189269415294,-15.3274844338705,-21.4217394380421,13.2374499354585
1.61663136605024,-10.2537006582861,-6.89895404043656,-2.47359501392871,-0.376047582573083,-1.19045690072977,-10.5401414442346,109.188978652274,-15.3874281156109,-21.4615848057775,13.3218782973315
1.50666251413563,-10.2410188881535,-6.86565367377621,-2.48461509020349,-0.413469977594039,-1.12808504898217,-10.5258486904333,109.190257488307,-15.4425221730776,-21.4933642967367,13.3952576618817
1.40024793332837,-10.2296637324181,-6.83647103856165,-2.49433695317478,-0.449407616250779,-1.06953130698872,-10.512474985575,109.19287774852,-15.4931142625634,-21.5176850202019,13.4585858557122
1.29756338862003,-10.2195600738812,-6.81115708567371,-2.50291041847531,-0.483866938932715,-1.01474690376049,-10.4999226226871,109.196605348632,-15.5395682299303,-21.5351917825051,13.5129013382908
1.19878451014859,-10.2106228114571,-6.78944984286595,-2.51049085990205,-0.516854202691929,-0.963683874724619,-10.4880979770105,109.201204902788,-15.5822614804069,-21.5465601762773,13.5592640248899
1.10408350840624,-10.2027579460869,-6.77107712189449,-2.51723804397828,-0.548374844114376,-0.916294650126315,-10.4769117563658,109.206444096759,-15.6215819464431,-21.5524900454979,13.5987368108483
1.01362566340057,-10.1958639176202,-6.75575925698688,-2.5233148419851,-0.578432906668044,-0.872531579165461,-10.4662793673437,109.212097783079,-15.6579246335709,-21.5536989508961,13.6323680189052
0.927565571353395,-10.1898331402175,-6.74321186912129,-2.52888579801947,-0.60703057620124,-0.832346385326963,-10.4561214123034,109.217951745708,-15.6916877352229,-21.5509152728923,13.6611749726479
0.846043118259639,-10.184553677511,-6.73314865282645,-2.5341155475562,-0.634167862087518,-0.795689544983515,-10.4463643091266,109.223806077398,-15.72326833139,-21.5448706771156,13.6861288876458
0.76917913457501,-10.1799109964162,-6.72528418197781,-2.53916709355573,-0.659842448554901,-0.762509582720968,-10.4369410060886,109.229478113512,-15.7530577308326,-21.536291815473,13.7081412695692
0.697070672106862,-10.1757897410028,-6.71933672855004,-2.54419995450185,-0.684049725209618,-0.73275228028838,-10.4277917526458,109.2348048702,-15.7814365723985,-21.5258913168333,13.72805201785
0.629785838366676,-10.1720754744996,-6.71503108509351,-2.54936820280466,-0.706782990517067,-0.706359800392495,-10.418864884843,109.239644942044,-15.8087698478035,-21.5143583017324,13.7466194493049
0.567358135392881,-10.1686563470238,-6.7121013783801,-2.55481841702305,-0.728033807141569,-0.683269734075738,-10.4101175893024,109.243879824557,-15.8354020316224,-21.5023487983744,13.7645124593881
0.509780296212156,-10.1654246581428,-6.71029385740474,-2.56068757979004,-0.747792472433871,-0.663414094103314,-10.4015166184284,109.247414640759,-15.8616525019331,-21.4904765111172,13.7823050035948
0.456997717260863,-10.1622782961632,-6.7093696330873,-2.56710096397699,-0.766048551523411,-0.646718296103366,-10.3930389373581,109.250178268202,-15.8878114117904,-21.4793043838531,13.8004729955358
0.408901779348144,-10.1591220492236,-6.70910733957206,-2.57417005977447,-0.782791406748991,-0.633100190817311,-10.3846722869212,109.252122882784,-15.9141361341812,-21.4693373175712,13.8193935913819
0.365323659586491,-10.1558687955096,-6.70930567875233,-2.58199060282985,-0.798010647554708,-0.622469231440315,-10.3764156457332,109.253222956837,-15.940848360189,-21.461016265979,13.8393466848625
0.326029666144156,-10.1524405895842,-6.70978580264887,-2.59064076695664,-0.811696420975781,-0.614725876675191,-10.3682795707289,109.253473769,-15.9681318911199,-21.4547137739731,13.8605182965166
0.290719634290261,-10.1487696679375,-6.71039348476827,-2.60017958316848,-0.823839465837676,-0.609761340333173,-10.3602863914498,109.252889500542,-15.9961311343996,-21.4507308749101,13.8830054301996
0.259030410707787,-10.1447993997726,-6.71100103186399,-2.61064563906485,-0.834430864225759,-0.607457801787122,-10.3524702302684,109.251501007515,-16.0249502866125,-21.4492951544872,13.9068219104979
0.230546833042157,-10.1404852097383,-6.71150888997563,-2.62205609859806,-0.843461440798749,-0.607689189173044,-10.3448768196521,109.249353370801,-16.0546531585184,-21.4505597341588,13.9319047136022
0.204822977137616,-10.1357954984196,-6.71184690165273,-2.63440606322277,-0.850920782429922,-0.610322638177642,-10.3375630914872,109.246503335621,-16.0852635632577,-21.454602917451,13.9581203505177
0.181417405400143,-10.1307125841028,-6.711975174875,-2.6476682745022,-0.856795874784261,-0.615220712009406,-10.3305965246632,109.243016755149,-16.1167661537823,-21.4614282605419,13.9852709359611
0.159949301813451,-10.1252336851482,-6.71188453045419,-2.66179313899695,-0.861069376328223,-0.622244442792558,-10.3240542533674,109.238966147818,-16.1491075657571,-21.4709648559143,14.0130996590049
0.14019085902685,-10.1193719546981,-6.71159650704553,-2.67670904090262,-0.863717574346851,-0.631257221534325,-10.3180219549087,109.234428465507,-16.1821977031884,-21.4830676409424,14.0412954431533
0.122229655087331,-10.1131575668841,-6.7111629226785,-2.6923228973032,-0.864708094134437,-0.642129523177188,-10.312592549689,109.22948315206,-16.2159109990169,-21.4975175597494,14.0694966327887
0.106761024022012,-10.1066388369503,-6.71066501490688,-2.70852090571089,-0.863997461316429,-0.65474440875724,-10.3078647570671,109.224210549178,-16.2500874944081,-21.5140214306453,14.0972935790461
0.095540632994358,-10.0998833400526,-6.71021220081546,-2.7251694341389,-0.86152864397599,-0.669003706060932,-10.3039415586588,109.218690680576,-16.2845336080448,-21.5322114215269,14.1242300460826
0.0916509772233999,-10.0929789784276,-6.70994050813468,-2.7421160094285,-0.857228721271531,-0.684834739184264,-10.3009286241391,109.213002416463,-16.3190225047401,-21.5516441170649,14.1498034357241
0.0984208779455778,-10.0860349360057,-6.71001072973737,-2.75919036814753,-0.851006836508339,-0.702197455995321,-10.298932754475,109.207222990355,-16.3532940139606,-21.5717992637172,14.173463930127
0.117115963322168,-10.0791824534832,-6.71060634923058,-2.77620554486565,-0.842752595735728,-0.721091787337659,-10.2980603951856,109.201427811087,-16.3870540898753,-21.5920783859893,14.1946127602311
0.146767408294349,-10.0725753546718,-6.71193127872383,-2.79295898451234,-0.8323350693813,-0.741565060198031,-10.2984162692136,109.195690486962,-16.4199738455283,-21.6118035679894,14.2125999057883
0.186084397276131,-10.066390256241,-6.71420744301853,-2.80923367797426,-0.819602544940324,-0.763719278331388,-10.3001021768353,109.190082958012,-16.4516882354987,-21.6302167820061,14.2267216125732
0.234458161208196,-10.0608263981066,-6.71767223780044,-2.82479933136613,-0.804383163121755,-0.787718078340889,-10.3032160095377,109.184675617262,-16.4817945035389,-21.6464802173588,14.2362181725923
0.291935854446137,-10.0561050410678,-6.72257588318336,-2.83941358776257,-0.786486548368169,-0.813793166518988,-10.3078510247985,109.179537293302,-16.5098505520648,-21.659678112466,14.2402724540633
0.358984688470538,-10.0524683914834,-6.72917868896574,-2.85282332487929,-0.765706518362484,-0.842250040345613,-10.3140954270265,109.174734965424,-16.5353734251657,-21.668820611035,14.2380096884422
0.436315967760777,-10.050178028866,-6.73774824483451,-2.86476605361025,-0.74182492658356,-0.873472798440893,-10.3220322938902,109.17033308983,-16.5578381207116,-21.6728501387089,14.2284990173815
0.524778171693812,-10.0495128303231,-6.74855654705173,-2.87497144127713,-0.714616656796513,-0.907927847288185,-10.3317398734987,109.166392431346,-16.5766769550331,-21.6706507219462,14.2107572660139
0.625291733122207,-10.0507664051524,-6.76187707217757,-2.88316298068546,-0.683855748145027,-0.946166325561376,-10.3432922551644,109.162968318014,-16.5912796948196,-21.6610605451465,14.1837553335954
0.738806366719374,-10.0542440725692,-6.77798180879788,-2.88905982208374,-0.649322584661357,-0.988825086820932,-10.356760389534,109.160108262169,-16.6009946522944,-21.6428878709378,14.1464274746523
0.866270658646328,-10.0602594333548,-6.79713826220905,-2.89237877959414,-0.610812035438527,-1.03662610518665,-10.3722134113935,109.157848917642,-16.6051309221476,-21.6149302427776,14.097683585706
1.00860868762468,-10.069130599742,-6.8196064553958,-2.89283651541436,-0.568142384853096,-1.09037419487212,-10.3897202063934,109.15621236756,-16.6029619265328,-21.5759966648428,14.0364244290092
1.1667010190848,-10.0811761563075,-6.84563595972312,-2.89015189307828,-0.521164850203276,-1.15095296544359,-10.4093511599882,109.155201761684,-16.5937304192169,-21.5249322396676,13.9615595476819
1.34136870096028,-10.0967109293626,-6.87546299599959,-2.88404847592615,-0.469773450564355,-1.21931897300533,-10.4311800267885,109.154796346964,-16.5766550659037,-21.4606445757858,13.8720274956142
1.53335954607212,-10.1160416457005,-6.90930764724788,-2.87425713071781,-0.413914966698899,-1.29649407394238,-10.455285857016,109.15494596067,-16.550938656438,-21.3821311804187,13.7668179391458
1.74333633144275,-10.1394625656254,-6.94737121695269,-2.8605186809881,-0.35359871484756,-1.38355604222851,-10.4817549151259,109.155565082079,-16.5157779241452,-21.2885070227404,13.6449951664455
1.97186673170638,-10.1672511800475,-6.98983375222287,-2.84258654141763,-0.28890584413139,-1.48162757198715,-10.5106825275536,109.156526565671,-16.4703748629354,-21.1790314687498,13.505722528093
2.21941490520424,-10.1996640649013,-7.03685173566513,-2.82022925436743,-0.219997859194466,-1.59186384807406,-10.5421748027007,109.157655204098,-16.413949350801,-21.0531338265195,13.3482873093089
2.48633470340421,-10.2369329859404,-7.08855594003754,-2.79323284513342,-0.147124070113847,-1.71543892026292,-10.5763501727524,109.158721289213,-16.345752808326,-20.9104367853411,13.1721255021965
2.77286449553362,-10.2792613425394,-7.14504944039627,-2.76140291602233,-0.0706276815646124,-1.85353115554471,-10.6133407070971,109.15943435066,-16.2650825465864,-20.750777075866,12.9768459078158
3.07912360104308,-10.3268210309653,-7.20640578855295,-2.72456641113863,0.00904974833528472,-2.00730806797857,-10.653293137502,109.159437252713,-16.1712964010763,-20.5742227203157,12.7622529493878
3.40511030900986,-10.3797497958502,-7.27266736963305,-2.68257299986845,0.0913657215644286,-2.17791083813129,-10.6963695205854,109.158300823785,-16.063827215449,-20.3810862864624,12.5283675178235
3.75070144016365,-10.4381491236865,-7.34384397571236,-2.63529604141831,0.175676289038986,-2.36643883413521,-10.7427474545173,109.155519183018,-15.9421967282202,-20.1719336069394,12.2754451056609
4.11565337720862,-10.5020827154313,-7.41991164346148,-2.58263310136434,0.261237765399181,-2.57393443308018,-10.7926197722628,109.150505914878,-15.8060284151921,-19.9475874766122,12.0039904322769
4.49960445534664,-10.5715755583894,-7.50081180841112,-2.52450599482343,0.34721075626095,-2.80136841643935,-10.8461936522123,109.142591223374,-15.6550588422543,-19.7091259087703,11.7147677444108
4.90207856991438,-10.6466136011888,-7.58645082585275,-2.46086033462002,0.43266651207297,-3.04962617938148,-10.9036891127285,109.131020169429,-15.4891470941942,-19.4578746381073,11.408806005143
5.3224898241912,-10.7271440196737,-7.67669989862794,-2.39166457231105,0.516595547483558,-3.31949495302327,-10.9653368850815,109.114952055641,-15.308281880925,-19.1953937068665,11.0873982571887
5.76014800992807,-10.8130760457429,-7.77139543977218,-2.31690853813198,0.597918394478079,-3.61165219272663,-11.0313756866534,109.093460971672,-15.1125859940151,-18.9234581362941,10.7520945554678
6.21426468804713,-10.9042823168462,-7.87033988816298,-2.23660151261394,0.6754983003383,-3.926655238431,-11.1020489415766,109.065537453277,-14.902317897007,-18.6440328580698,10.4046880239213
6.68395961913202,-11.0006006940241,-7.97330298912601,-2.15076989524594,0.748155643649065,-4.26493231046277,-11.1776010191059,109.03009114525,-14.6778703823189,-18.3592422812559,10.047193833759
7.1682672843853,-11.1018364934288,-8.08002354693746,-2.05945457040739,0.814683820838096,-4.62677487038088,-11.2582730799224,108.985954303268,-14.4397664057592,-18.0713351127354,9.68182123564865
7.66614323896446,-11.2077650780003,-8.19021165124844,-1.96270810398679,0.873866341833942,-5.01233135097013,-11.3442986313511,108.931885932399,-14.1886523926333,-17.7826453067492,9.31093917638339
8.17647005191847,-11.318134754805,-8.30355137795963,-1.86059193124139,0.924494853997022,-5.42160223769451,-11.4358988875989,108.86657634747,-13.925289465914,-17.4955502518714,8.93703643931516
8.69806261075443,-11.4326699122092,-8.41970397033105,-1.75317371192222,0.965387780825589,-5.85443645935525,-11.5332780125822,108.788651952938,-13.6505431496959,-17.2124274851499,8.56267762136429
9.22967260384885,-11.5510743105088,-8.53831151310971,-1.64052502852047,0.995409220000162,-6.31052901844971,-11.6366183020284,108.69668007157,-13.3653721358741,-16.9356113349875,8.19045656525826
9.76999203976751,-11.6730344201907,-8.65900110716011,-1.52271959037162,1.01348771144534,-6.78941977403308,-11.7460753477502,108.589173693338,-13.0708166759977,-16.667350921428,7.82294907955643
10.3176557177401,-11.7982226955342,-8.781389522733,-1.39983208854146,1.01863447968633,-7.29049329741668,-11.8617732189271,108.464596061496,-12.7679870982701,-16.4097708826372,7.46266687814984
10.8712426261088,-11.9263006831856,-8.90508825739095,-1.27193782871602,1.0099607814698,-7.81297975629281,-11.983799686603,108.321365061508,-12.4580528733851,-16.1648360666262,7.11201463272533
11.4292763130244,-12.056921892698,-9.02970886342259,-1.13911324654934,0.986694037909742,-8.35595682982136,-12.112201509515,108.1578574324,-12.1422325671992,-15.9343212546381,6.77325184809933
11.9902243430246,-12.1897343904431,-9.15486835833845,-1.00143737044087,0.948192482788169,-8.91835269110174,-12.2469798022054,107.972412878209,-11.8217849204441,-15.7197867822899,6.44846096570454
12.5524970210669,-12.32438311107,-9.28019450687007,-0.858994232122127,0.893958102943991,-9.498950095767,-12.3880855296555,107.763338214528,-11.4980011899999,-15.5225606837832,6.13952272579539
13.1144456286274,-12.4605119067131,-9.40533076771698,-0.711876139055051,0.82364767926826,-10.0963915862504,-12.5354152133243,107.528911738726,-11.1721987797335,-15.3437276785283,5.84809942207751
13.6743604711485,-12.5977653717764,-9.52994072190147,-0.560187630868338,0.737081760691766,-10.709185780748,-12.6888069742496,107.267388061751,-10.8457160799532,-15.1841249526034,5.57562628822018
14.2304690792299,-12.7357904893429,-9.65371182654656,-0.40404986638203,0.634251425403791,-11.3357146899581,-12.8480370625747,106.977003682126,-10.5199083177726,-15.044344307174,5.32331087602571
14.7809349347602,-12.8742381437486,-9.77635836295625,-0.243605143597921,0.515322709218418,-11.9742420063879,-13.0128170275782,106.655983612858,-10.1961441008355,-14.9247399102945,5.09213993844715
15.3238571056018,-13.012764534985,-9.89762347808765,-0.0790212469256517,0.38063861141317,-12.622922335076,-13.1827916777949,106.302549384495,-9.87580223211443,-14.8254406405328,4.88289304106822
15.8572711671969,-13.1510325188502,-10.0172802626019,0.0895046596728527,0.230718620665126,-13.2798113664536,-13.3575379748393,105.914928742731,-9.56026830856155,-14.7463658911503,4.69616190809434
16.379151766199,-13.2887128857167,-10.1351318665254,0.26174282649804,0.0662557359026971,-13.9428770192005,-13.5365649990224,105.491367338842,-9.25093061082171,-14.6872437507113,4.53237436522757
16.8874171405452,-13.4254855815551,-10.2510107144201,0.437428570798396,-0.111889011190568,-14.6100115969116,-13.7193151194965,105.030142673433,-8.94917484666489,-14.647630690511,4.39182166342202
17.3799358537617,-13.5610408669565,-10.3647769312686,0.616260897718096,-0.302694494966865,-15.2790450046889,-13.9051664945997,104.529580492444,-8.65637740781214,-14.6269322059664,4.27468793402703
17.8545359310775,-13.6950804027486,-10.4763161180576,0.797902141584743,-0.504989833075951,-15.9477590598532,-14.0934370157333,103.988073744792,-8.3738969077886,-14.6244241693665,4.1810805100055
18.3090165040799,-13.8273182448206,-10.5855366210078,0.981978629117945,-0.717467039063075,-16.6139029065981,-14.283389785723,103.404104096241,-8.10306385978351,-14.6392748611807,4.11105983329628
18.7411619826556,-13.9574817276282,-10.6923664273076,1.1680823206035,-0.938695888565188,-17.2752095108265,-14.4742401839799,102.776265861794,-7.8451684157746,-14.670567719791,4.06466766026352
19.1487586815426,-14.0853122169664,-10.7967498048613,1.35577334289032,-1.16714087344909,-17.9294131694893,-14.6651645110267,102.103292077062,-7.60144612998682,-14.7173247991385,4.04195229582434
19.5296137377479,-14.2105657175741,-10.8986437954063,1.54458329146805,-1.40118008283071,-18.5742679163427,-14.8553101266187,101.384082282556,-7.37306175509263,-14.7785307889164,4.04298965715145
19.8815760679852,-14.3330133280112,-10.9980146742472,1.73401915331811,-1.63912580081848,-19.2075666427691,-15.0438069101555,100.617731446338,-7.16109115459002,-14.8531572809607,4.06789911205005
20.2025590354535,-14.4524415423709,-11.0948345023035,1.92356769200487,-1.87924655006506,-19.8271606844166,-15.2297797947894,99.8035593041813,-6.96650153849978,-14.9401868041602,4.11685326494613
20.4905644255504,-14.5686524049657,-11.1890779092096,2.11270014240008,-2.11979024395063,-20.4309795629126,-15.4123620708586,98.9411392628586,-6.7901304069654,-15.0386360259504,4.19008116537486
20.7437072727794,-14.6814635293777,-11.2807192518023,2.30087708269904,-2.35900804848034,-21.0170505271708,-15.5907091246112,98.0303259085982,-6.63266379985948,-15.1475774343218,4.28786476320708
20.9602410378481,-14.7907079960631,-11.3697302842236,2.48755338186729,-2.59517850793572,-21.5835175176236,-15.7640122673945,97.0712801060639,-6.49461466071961,-15.2661587546931,4.41052879259337
21.1385826058347,-14.8962341420339,-11.4560784511782,2.67218315450771,-2.82663146078641,-22.128659182053,-15.9315123060152,96.0644906734751,-6.37630228906041,-15.3936193017424,4.55842459106763
21.2773365637779,-14.9979052524067,-11.5397258765023,2.85422468463748,-3.05177126204576,-22.6509056013396,-16.0925125002265,95.0107916773619,-6.27783395384042,-15.5293024164249,4.73190862551143
21.3753182190355,-15.0955991594416,-11.6206290714272,3.03314529940757,-3.26909882912114,-23.148853429142,-16.2463905499646,93.9113745015268,-6.19908976920426,-15.6726631225955,4.93131670205628
21.4315748376582,-15.1892077532008,-11.6987393400633,3.20842618152372,-3.47723203611192,-23.6212792005328,-16.3926092574495,92.7677940039906,-6.13971189457354,-15.8232702020386,5.15693499489386
21.445404613816,-15.2786364100897,-11.7740038219559,3.37956710671504,-3.67492399719876,-24.0671506139673,-16.530725523065,91.5819682767375,-6.09909901589158,-15.9808020666785,5.40896914902927
21.4163729256178,-15.363803350368,-11.8463670853067,3.5460910833747,-3.86107880683084,-24.485635638865,-16.660397366036,90.3561717552963,-6.07640689284332,-16.1450361083053,5.68751279563953
21.3443254878037,-15.4446389421182,-11.9157731662732,3.70754885879813,-4.03476434649622,-24.8761093508328,-16.7813887153413,89.0930216756385,-6.07055552089195,-16.3158316017277,5.99251685734752
21.2293980759013,-15.5210849750367,-11.982167937537,3.86352324352771,-4.19522182915316,-25.2381584472695,-16.8935717902081,87.7954581322465,-6.08024316740818,-16.4931066783476,6.32376100100723
21.0720225674851,-15.5930939295259,-12.0455016849234,4.01363319529666,-4.34187183717703,-25.5715834405949,-16.9969269769384,86.466718239213,-6.10396721456985,-16.6768103262588,6.68082851135716
20.8729291220582,-15.6606282637175,-12.105731775645,4.15753759805693,-4.47431671764797,-25.8763985566709,-17.0915402038224,85.1103051169051,-6.14005139494584,-16.8668907705859,7.06308571207429
20.6331443996563,-15.7236597363358,-12.1628253123227,4.29493866764103,-4.59233932167869,-26.1528293804699,-17.1775979101452,83.7299526005964,-6.1866786550099,-17.0632619029964,7.46966685180794
20.3539857974307,-15.7821687814982,-12.2167616766807,4.42558491155409,-4.69589819926815,-26.4013082961151,-17.2553797885801,82.3295866820956,-6.2419285493776,-17.2657696234537,7.89946510265359
20.0370517611807,-15.8361439549394,-12.2675348715454,4.54927356756444,-4.7851194771139,-26.6224677724866,-17.3252495474928,80.913284748502,-6.30381778479411,-17.4741600128452,8.35113000182686
19.684208303129,-15.8855814781382,-12.3151555709295,4.6658524485797,-4.8602857492084,-26.8171315525625,-17.3876439940223,79.4852336786284,-6.37034232873379,-17.6880511777845,8.82307133474058
19.2975719264341,-15.9304849132813,-12.3596527901646,4.77522113256497,-4.92182239786797,-26.9863038151919,-17.4430607862367,78.0496878053383,-6.4395193960284,-17.9069104092789,9.31346914319604
18.8794892194289,-15.9708650035396,-12.4010750956782,4.87733145371902,-4.97028183407777,-27.1311563936999,-17.4920452446025,76.6109276615201,-6.50942764154327,-18.1300379875277,9.82028927401582
18.4325134370466,-16.0067397075538,-12.4394912905958,4.97218726968706,-5.00632619633398,-27.2530141581527,-17.5351766443162,75.1732203100369,-6.57824401969904,-18.3565585792937,10.3413036893131
17.9593784323081,-16.0381344455702,-12.4749905398402,5.059843496891,-5.03070907299207,-27.3533386959926,-17.5730544235607,73.7407819223863,-6.64427601204672,-18.5854207663817,10.8741146676226
17.4629703363328,-16.0650825605277,-12.5076819346296,5.14040442449804,-5.04425681493167,-27.4337104565074,-17.6062847361161,72.3177431222125,-6.70598825031586,-18.8154048505187,11.4161820396521
16.9462974107257,-16.0876259838717,-12.5376935338471,5.21402134026622,-5.04784998584181,-27.4958095568993,-17.6354677538695,70.9081174533074,-6.76202294342162,-19.0451386964065,11.9648526902752
16.4124585113395,-16.1058160858865,-12.5651709492866,5.2808895281399,-5.04240545731739,-27.5413954816225,-17.6611860906278,69.5157731753512,-6.81121391489599,-19.2731209878596,12.5173916733525
15.864610607697,-16.1197146857817,-12.5902755575254,5.34124472439407,-5.02885959368398,-27.5722859416647,-17.6839946736892,68.1444084454813,-6.85259443192251,-19.4977509055747,13.0710143979698
15.3059357985828,-16.1293951966483,-12.6131824233029,5.39535914029022,-5.00815288670331,-27.5903351939964,-17.7044123271644,66.797529820891,-6.88539932409586,-19.7173629419566,13.6229194380501
14.7396082527214,-16.1349438809039,-12.6340780119055,5.44353716620672,-4.98121629643344,-27.5974121495647,-17.7229152410223,65.4784339244566,-6.90906212701804,-19.9302653861028,14.1703215780069
14.1687614857411,-16.1364611890909,-12.6531577563101,5.48611086027544,-4.94895944042846,-27.5953786166767,-17.739932381677,64.1901920539473,-6.92320813465107,-20.1347809413001,14.7104847266131
13.5964563629232,-16.1340631476448,-12.6706235332251,5.52343530102559,-4.9122606642673,-27.5860680317723,-17.7558427727313,62.9356374833597,-6.92764430875218,-20.3292879580978,15.2407543180724
13.0256501940828,-16.1278827508808,-12.6866810931869,5.55588386361614,-4.87195893802505,-27.5712650207736,-17.770974466997,61.7173551978309,-6.92234698466087,-20.5122608525328,15.7585887946018
12.4591672651528,-16.1180713011406,-12.7015374841539,5.58384347136425,-4.82884746338431,-27.5526861143387,-17.7856049605189,60.5376738166027,-6.90744824018163,-20.6823083984996,16.2615897438568
11.8996711336438,-16.1047996306083,-12.7153985056004,5.60770987510698,-4.78366884163995,-27.5319619135763,-17.7999627661425,59.3986594869646,-6.88322166445542,-20.8382087066795,16.7475302487644
11.3496390049896,-16.0882591301783,-12.728466230312,5.62788301519928,-4.73711163556656,-27.5106209721815,-17.8142298613888,58.3021115715031,-6.85006808677649,-20.9789398246851,17.2143809937989
10.8113385062528,-16.0686625062108,-12.7409366322261,5.64476251982927,-4.68980814981381,-27.4900756277317,-17.8285447462901,57.2495599963161,-6.8085016225995,-21.1037050235232,17.6603336607183
10.2868071841234,-16.0462441862002,-12.7529973585797,5.65874338733376,-4.6423332497164,-27.4716099782986,-17.8430058845454,56.2422641721089,-6.75913619303512,-21.2119519801995,18.0838211421385
9.77783507532715,-16.0212603000597,-12.7648256814888,5.67021189183448,-4.59520403615292,-27.4563701590042,-17.8576753498386,55.2812134348065,-6.70267249957368,-21.3033852420114,18.483534113304
9.28595072678196,-15.9939881746555,-12.7765866572557,5.67954174569644,-4.54888019749452,-27.4453570253441,-17.872582553628,54.36712897136,-6.63988530599947,-21.3779716071774,18.8584335503633
8.81241107438001,-15.9647252944191,-12.7884315123015,5.68709055100526,-4.50376487214697,-27.4394212961428,-17.8877279841764,53.5004671996727,-6.57161080662552,-21.4359384008381,19.2077588804035
8.35819561387695,-15.9337876990651,-12.8004962647521,5.69319657269128,-4.46020587722202,-27.4392611520318,-17.9030869298513,52.6814245653471,-6.49873384740913,-21.4777649994597,19.531031577134
7.92400530238393,-15.9015078090829,-12.8129005824602,5.69817586527242,-4.41849718959978,-27.4454222296302,-17.918613187597,51.9099437108362,-6.4221748065212,-21.5041682417684,19.8280541403207
7.51026659928225,-15.868231688936,-12.8257468734716,5.70231978406048,-4.3788806038712,-27.4582998995697,-17.9342427718959,51.1857209699202,-6.34287601950229,-21.5160825061396,20.0989045023906
7.117140975508,-15.8343157756842,-12.8391196043928,5.70589291206301,-4.34154753352125,-27.4781436695382,-17.949897645218,50.5082151423503,-6.26178773608518,-21.5146352764651,20.343926005152
6.74454007738809,-15.8001231172663,-12.8530848445505,5.70913143542114,-4.30664096039458,-27.5050635137772,-17.9654894896,49.8766575072094,-6.17985370342865,-21.5011190272291,20.5637131918126
6.39214651963043,-15.7660191808672,-12.8676900371441,5.7122420003512,-4.27425756688314,-27.539037899715,-17.9809235292286,49.2900630358704,-6.09799656439323,-21.476960264095,20.7590937560048
6.05944000645892,-15.7323673083411,-12.8829640011899,5.71540108081912,-4.24445010185693,-27.5799232616483,-17.9961023951529,48.7472427635466,-6.01710332866002,-21.4436865566189,20.9311070720583
5.74572815834654,-15.699523912323,-12.8989171690046,5.71875487796216,-4.2172300338189,-27.627464661162,-18.0109299975698,48.2468172710754,-5.93801122257248,-21.4028923879077,21.0809798026007
5.45018108578294,-15.6678335218405,-12.9155420628214,5.72241975978762,-4.19257053491915,-27.6813073730039,-18.0253153414242,47.7872312175733,-5.86149425895585,-21.3562046351523,21.2100991501848
5.17186844232853,-15.6376237974975,-12.9328140109002,5.72648323280032,-4.17040982206414,-27.7410091396068,-18.0391761896451,47.3667688533746,-5.78825089317467,-21.3052485097925,21.3199843914548
4.90979745117953,-15.6092006419499,-12.9506920984789,5.73100541572284,-4.15065486056755,-27.8060528434521,-18.0524424470729,46.9835704324581,-5.718893144318,-21.2516148210239,21.4122573907418
4.66295027103746,-15.5828435314542,-12.9691203430081,5.73602096018791,-4.13318541278508,-27.8758593518386,-18.0650591102216,46.6356494316536,-5.65393755555926,-21.1968294320705,21.4886128113578
4.43031907221946,-15.558801189734,-12.9880290781746,5.74154133769443,-4.11785838932559,-27.9498002932509,-18.0769886101227,46.3209104659186,-5.59379833338963,-21.142325708817,21.5507887192121
4.21093733645561,-15.5372877169237,-13.0073365287535,5.74755739287159,-4.10451243614046,-28.0272105313811,-18.0882123774385,46.0371677637095,-5.53878293094485,-21.0894206142494,21.6005382199127
4.00390615628765,-15.5184792739193,-13.0269505579343,5.75404205725954,-4.09297267060876,-28.107400117638,-18.0987314892683,45.7821640386931,-5.48909023255226,-21.0392949112489,21.6396027041289
3.80841465777566,-15.5025114062652,-13.046770568858,5.76095312783059,-4.08305546542019,-28.1896655301897,-18.1085663165686,45.5535895717892,-5.444811375493,-20.9929777346265,21.6696871985538
3.62375405918213,-15.4894770728765,-13.0666895412207,5.768236036146,-4.07457316992615,-28.2733000477865,-18.1177551715904,45.3491013078561,-5.4059331297571,-20.9513356040366,21.6924382234908
3.44932526384799,-15.4794254250722,-13.0865961807817,5.77582655969466,-4.06733865352926,-28.3576031577988,-18.1263520421343,45.166341777959,-5.37234365873471,-20.915065776458,21.7094244359792
3.28464023059441,-15.4723613614326,-13.1063771536745,5.78365344959687,-4.06116955518064,-28.4418889561424,-18.1344235785722,45.0029576794871,-5.34384040781714,-20.8846936752665,21.7221201959374
3.12931764542816,-15.46824586426,-13.1259193684947,5.79164096383505,-4.05589212919452,-28.5254935554044,-18.1420455579682,44.8566179752333,-5.32013981041773,-20.8605740006633,21.7318920598136
2.98307362431385,-15.4669971050525,-13.1451122584583,5.79971130049441,-4.05134459105253,-28.6077815688584,-18.1492990806657,44.7250314008242,-5.30088845459258,-20.8428950614625,21.7399881133592
2.84570831156886,-15.4684922907603,-13.1638500064126,5.80778692186017,-4.04737988566329,-28.6881517759581,-18.1562667584159,44.6059632938925,-5.28567531443946,-20.8316858818934,21.7475300102734
2.71708931474058,-15.4725702095702,-13.1820336511436,5.8157927509129,-4.04386782261786,-28.7660420944756,-18.1630291335062,44.4972516775491,-5.27404462099303,-20.8268256960414,21.7555075714968
2.5971329520198,-15.4790344230352,-13.1995730170436,5.82365821169029,-4.0406965479754,-28.8409339823531,-18.1696615307227,44.3968225426739,-5.26550893332492,-20.8280555070456,21.7647758047183
2.48578429930566,-15.4876570393933,-13.2163884202678,5.8313190785493,-4.03777334920579,-28.9123563688797,-18.1762314947108,44.3027042737413,-5.25956197881138,-20.8349914440186,21.7760542158918
2.38299702280298,-15.4981829914778,-13.2324121195172,5.83871909880819,-4.03502481613299,-28.9798891756065,-18.1827969117479,44.2130411492693,-5.25569086637137,-20.8471396995275,21.7899282936677
2.28871397242216,-15.5103347337554,-13.247589493746,5.84581135853818,-4.03239640298696,-29.0431664421385,-18.1894048634174,44.1261058240637,-5.25338733587044,-20.8639128698233,21.806853040363
2.2028494833231,-15.5238172684768,-13.2618799389234,5.85255937072542,-4.02985145447395,-29.1018790300367,-18.1960912127578,44.0403106733095,-5.25215778265999,-20.8846475314616,21.8271583931389
2.12527426989195,-15.5383234101999,-13.2752574813912,5.85893787612698,-4.02736977394491,-29.1557768442113,-18.202880880372,43.9542178547913,-5.25153187859475,-20.9086228559674,21.8510563328984
2.05580367552401,-15.5535391985402,-13.2877111089367,5.8649333575644,-4.0249458255452,-29.204670485969,-18.209788728011,43.8665479284833,-5.25106969184392,-20.9350799884369,21.8786494297671
1.99418984397741,-15.5691493688234,-13.2992448246111,5.87054427663281,-4.02258667308652,-29.2484322365354,-18.2168209327276,43.7761868634067,-5.25036728138074,-20.9632418129286,21.9099405356053
1.94011809964379,-15.5848427893132,-13.3098774327485,5.87578104727554,-4.02030976304625,-29.2869962681982,-18.2239767105894,43.6821912611638,-5.24906080467551,-20.992332624409,21.9448433142402
1.89320748413831,-15.6003177728879,-13.3196420706692,5.88066576360471,-4.01814065563801,-29.3203579955449,-18.2312502386175,43.5837916358243,-5.24682922813226,-21.0215971508972,21.983193302146
1.8530150394508,-15.6152871710646,-13.3285855022956,5.88523170052097,-4.016110797089,-29.3485725108259,-18.2386326269702,43.4803936110403,-5.24339576926634,-21.0503183386721,22.024759214062
1.8190431143189,-15.6294831590611,-13.3367671906836,5.88952260583051,-4.01425541056381,-29.3717520896163,-18.2461138074688,43.3715769250607,-5.23852822669461,-21.0778333378576,22.0692542452007
1.79074876048082,-15.6426616220233,-13.344258165079,5.89359180177611,-4.01261156527609,-29.3900627980773,-18.2536842254603,43.2570921706304,-5.23203836877731,-21.1035472078706,22.1163471694747
1.76755421853907,-15.6546060551678,-13.3511396951066,5.89750111206977,-4.01121646537999,-29.4037202756937,-18.2613362462551,43.1368552398151,-5.22378055697244,-21.1269439918973,22.1656730842461
1.74885757476553,-15.6651308955358,-13.3575017818426,5.90131962821232,-4.01010598367452,-29.4129848045573,-18.2690652130531,43.0109394945896,-5.21364977878294,-21.1475949619003,22.2168436960535
1.73404287032539,-15.6740842116107,-13.3634414754056,5.90512232779605,-4.00931345103594,-29.4181558053633,-18.2768701206334,42.8795657416406,-5.20157925762063,-21.1651639807052,22.2694570709114
1.72248920871824,-15.6813496898368,-13.3690610332091,5.90898855937431,-4.00886870136736,-29.4195659185109,-18.2847538992588,42.7430901511972,-5.18753779081792,-21.1794100434279,22.3231067873912
1.71357867489154,-15.6868478735404,-13.3744659416744,5.91300041336117,-4.00879736304686,-29.4175748359045,-18.2927233353738,42.6019903211088,-5.17152694232426,-21.1901871388242,22.3773904366855
1.70670310030839,-15.6905366281902,-13.3797628345261,5.91724100430317,-4.00912037998564,-29.412563047638,-18.3007886850951,42.4568497455222,-5.15357818690807,-21.1974416172776,22.4319174171812
1.70126985318937,-15.6924108257989,-13.3850573499758,5.92179269474957,-4.00985373854261,-29.4049256595037,-18.3089630569266,42.3083409991589,-5.13375007245442,-21.2012072810763,22.4863159768757
1.69670689613503,-15.6925012600886,-13.3904519751399,5.9267352944396,-4.01100837263589,-29.3950664226097,-18.3172616476908,42.1572079900005,-5.11212543928942,-21.2015984428297,22.5402394703658
1.69246734646494,-15.6908728230196,-13.3960439284638,5.93214427106219,-4.012590219483,-29.3833920959991,-18.3257009110796,42.0042476621877,-5.0888087128532,-21.198801242889,22.593371820194
1.68803372011718,-15.6876219923652,-13.4019231307507,5.93808901059197,-4.01460040088574,-29.3703072388935,-18.3342977261237,41.8502915450989,-5.06392327095234,-21.1930635784759,22.6454322002143
1.68292196236444,-15.6828736986936,-13.4081703138481,5.94463116623194,-4.01703550742532,-29.3562095028986,-18.3430686188294,41.6961875431309,-5.0376088803314,-21.184684062329,22.6961789797634
1.67668528906162,-15.6767776580797,-13.4148553132763,5.9518231355448,-4.01988796417523,-29.3414854678282,-18.3520290776101,41.5427823448886,-5.01001919835933,-21.174000470105,22.7454129686173
1.66891779550308,-15.6695042740069,-13.4220355865854,5.95970670547757,-4.02314645658705,-29.3265070396533,-18.3611929926721,41.3909048036728,-4.98131934176268,-21.161378128154,22.7929799791655
1.65925774427217,-15.6612402273095,-13.4297549930865,5.96831190430496,-4.02679639456448,-29.3116284075112,-18.3705722407237,41.2413506073315,-4.95168353244252,-21.1471986351346,22.8387726846706
1.64739042091095,-15.6521838843815,-13.4380428637707,5.97765609768076,-4.03082039260806,-29.2971835395672,-18.3801764283078,41.0948685168797,-4.92129283810668,-21.1318492308608,22.8827317216618
1.63305044486184,-15.6425406585652,-13.4469133832957,5.98774336268133,-4.03519874601573,-29.2834841842518,-18.3900127981205,40.9521484097523,-4.89033303293806,-21.115713061887,22.9248459765673
1.61602343854372,-15.6325184563324,-13.456365298236,5.99856416844049,-4.03990988813571,-29.2708183330151,-18.4000862918293,40.8138113141015,-4.8589926123098,-21.0991605648661,22.9651520141286
1.59614698424225,-15.6223233292233,-13.4663819563582,6.0100953840804,-4.04493082009226,-29.2594490928464,-18.410399751002,40.6804015646325,-4.82746100464515,-21.0825421853775,23.0037326383136
1.57331083136713,-15.6121554359672,-13.4769316708798,6.02230062375751,-4.05023750968325,-29.2496139118807,-18.4209542271829,40.5523811490806,-4.79592702811675,-21.0661826418311,23.0407146095538
1.54745635084479,-15.6022053980681,-13.4879683936555,6.03513092522165,-4.05580525836868,-29.2415241004165,-18.4317493657462,40.4301262502147,-4.76457763451837,-21.0503768983615,23.0762655603767
1.51857526519141,-15.5926511084368,-13.4994326743233,6.04852574406402,-4.0616090337848,-29.235364592218,-18.4427838284188,40.3139259246343,-4.73359696534846,-21.0353879073715,23.1105901481802
1.48670770937957,-15.5836550297006,-13.5112528793773,6.06241423303866,-4.06762376065309,-29.2312938943621,-18.4540557261484,40.2039827999792,-4.70316571940259,-21.0214460290332,23.1439254630594
1.45193969718741,-15.5753619996585,-13.5233466448276,6.0767167659333,-4.07382455734562,-29.2294441751988,-18.4655630433556,40.1004156196937,-4.67346080447828,-21.0087498687021,23.1765356810674
1.41440007943036,-15.5678975469728,-13.5356225365497,6.09134665855164,-4.08018690142471,-29.229921439127,-18.4773040411604,40.0032634217076,-4.64465522543724,-20.9974681422681,23.208705930846
1.3742570843068,-15.5613667096364,-13.5479818919072,6.10621203466034,-4.08668670708978,-29.2328057364499,-18.4892776276404,39.9124911055398,-4.61691815029822,-20.9877421164467,23.2407353339387
1.33171452684767,-15.5558533405818,-13.5603208144516,6.12121778150687,-4.0933003009863,-29.2381513592814,-18.5014836779404,39.8279961217349,-4.59041509442551,-20.9796881761918,23.2729291915917
1.28700776580211,-15.5514198779341,-13.5725322913447,6.13626753797935,-4.10000428982745,-29.2459869811582,-18.5139232795654,39.7496160084175,-4.56530816691242,-20.9734001179209,23.3055903211724
1.24039947478815,-15.5481075511931,-13.5845084011619,6.15126565980259,-4.10677532323212,-29.2563157078366,-18.5265988730094,39.677136501607,-4.54175632878659,-20.9689508234002,23.3390095838359
1.1921752837977,-15.5459369888542,-13.5961425772156,6.16611911121325,-4.11358976717911,-29.2691150186507,-18.5395142582012,39.6102999571298,-4.51991561621524,-20.966393019233,23.3734556800266
1.1426393419884,-15.5449091878441,-13.6073318877514,6.18073924079583,-4.12042331565184,-29.2843365918223,-18.5526744434889,39.5488138410393,-4.49993928210201,-20.9657588728536,23.4091643133774
1.09210985935272,-15.5450068010658,-13.6179792898905,6.19504340899405,-4.12725057858592,-29.301906023848,-18.5660853245009,39.4923590722482,-4.48197780668568,-20.9670582256849,23.446326837071
1.04091471119606,-15.5461956964843,-13.6279958104505,6.2089564450952,-4.13404469279293,-29.3217224721484,-18.5797531938281,39.4405980357433,-4.46617872279388,-20.9702753237672,23.4850785073726
0.989387245054153,-15.5484267394631,-13.6373026049234,6.2224119219387,-4.14077700949023,-29.3436582703168,-18.5936840983656,39.3931821266201,-4.45268619566701,-20.9753639790501,23.5254864848805
0.937862526212643,-15.5516377491696,-13.645832846728,6.2353532465962,-4.14741691669884,-29.3675585850876,-18.6078830779955,39.3497587323497,-4.44164029325192,-20.9822411810058,23.5675377465011
0.886674408227032,-15.5557555794031,-13.6535334028375,6.24773457296196,-4.15393185524383,-29.3932412019503,-18.6223533345836,39.3099776096835,-4.43317588376291,-20.9907792768714,23.6111270964613
0.836154031737085,-15.5606982741853,-13.6603662580667,6.25952154548084,-4.16028758178187,-29.420496541171,-18.6370953914877,39.2734966585929,-4.42742110703323,-21.0007969483623,23.6560454900578
0.786630648355447,-15.5663772495744,-13.6663096564228,6.27069188175907,-4.16644872090327,-29.4490880179131,-18.6521063097164,39.2399871340224,-4.4244953889138,-21.0120493273636,23.7019689084802
0.738436036456754,-15.5726994561567,-13.6713589324945,6.28123579753965,-4.17237963262541,-29.4787528684502,-18.6673790272719,39.2091383636224,-4.42450700573242,-21.0242176981245,23.7484480453769
0.691914197259558,-15.5795694814706,-13.6755270092079,6.29115627321131,-4.17804560490955,-29.5092035667894,-18.6829018828436,39.1806620539005,-4.42755025662314,-21.0368993116321,23.7948990849809
0.647438410171867,-15.5868915574432,-13.6788445412004,6.30046915811347,-4.18341436646669,-29.5401299507384,-18.6986583735227,39.1542962677636,-4.43370236076247,-21.0495978808361,23.840595869632
0.605437877918453,-15.5945714442158,-13.6813596854696,6.30920310727804,-4.18845790450923,-29.5712021647064,-18.714627179299,39.1298091448727,-4.44302025841991,-21.0617153357403,23.8846637739048
0.566435638776061,-15.602518168708,-13.6831374823736,6.31739934404703,-4.19315456456675,-29.6020745110232,-18.7307824674892,39.1070024163783,-4.45553755171713,-21.072545399529,23.9260756215554
0.531097229282866,-15.6106456042611,-13.6842588308536,6.32511124048898,-4.19749140308555,-29.6323902835511,-18.7470944721059,39.0857147418219,-4.47126186430326,-21.0812695005907,23.9636499936002
0.50028415432784,-15.6188738864129,-13.6848190437825,6.33240370561664,-4.20146675603948,-29.6617876352599,-18.7635303300834,39.0658248718094,-4.49017292147123,-21.0869554599176,23.9960522726404
0.475095719129681,-15.6271306685036,-13.6849259750775,6.33935236991598,-4.20509297670953,-29.6899065021542,-18.7800551498578,39.0472546178304,-4.51222164993389,-21.0885592957504,24.0217987423213
0.456867597573755,-15.6353522288812,-13.6846977208799,6.34604255491829,-4.20839928293845,-29.7163965675175,-18.7966332875844,39.0299715918099,-4.53733056986758,-21.0849303791286,24.0392640057764
0.447084480091723,-15.6434844488393,-13.6842599117613,6.35256801893726,-4.21143463907523,-29.7409262044427,-18.8132298098447,39.0139916639197,-4.5653957037908,-21.0748200622455,24.0466919021129
0.447179797274129,-15.651483686865,-13.6837426293521,6.35902947369205,-4.21427058096342,-29.7631922870503,-18.8298121253213,38.9993810795643,-4.59629016056436,-21.0568937862858,24.0422099923237
0.458258497383649,-15.6593175798181,-13.6832769967114,6.36553287021534,-4.21700387491441,-29.7829307188835,-18.8463517686092,38.9862581770998,-4.62986947042748,-21.0297465553514,24.0238475679734
0.480859920759437,-15.6669658046629,-13.6829915057189,6.37218745622906,-4.21975888711987,-29.7999274938541,-18.8628263162493,38.9747946574065,-4.66597865122811,-20.9919215400945,23.9895570196291
0.514886555010743,-15.6744208345981,-13.6830081566257,6.37910361181812,-4.2226895333721,-29.8140300783987,-18.8792214086033,38.9652163738297,-4.70446088248918,-20.9419314547126,23.9372382957939
0.559720949865782,-15.6816887203621,-13.6834384956639,6.38639047640776,-4.22598068380039,-29.8251588787654,-18.8955328417658,38.9578036336482,-4.7451675612641,-20.8782822416191,23.8647660931368
0.614436664814566,-15.6887899211071,-13.6843796474311,6.39415338844296,-4.22984891434886,-29.8333185317598,-18.9117686827152,38.9528910267251,-4.7879694215541,-20.7994985059192,23.7700193489465
0.677990063514312,-15.6957601996093,-13.685910449845,6.40249117046537,-4.23454252516477,-29.8386087306777,-18.927951350765,38.9508668203235,-4.83276832635061,-20.7041500723674,23.6509125572322
0.749339311143465,-15.7026515840544,-13.6880878093547,6.41149330570631,-4.2403407841239,-29.8412342734613,-18.9441196007314,38.9521719791122,-4.87950929440522,-20.5908789954139,23.505428398518
0.827495093176807,-15.7095333850199,-13.690943399142,6.42123706479277,-4.24755239666112,-29.8415140034859,-18.960330338049,38.9572988841376,-4.92819230449568,-20.4584263393472,23.3316511579446
0.911529757324782,-15.7164932450071,-13.6944808189323,6.43178464959875,-4.25651324379764,-29.8398883114063,-18.9766601939908,38.9667898312006,-4.97888342565719,-20.3056580573313,23.1278004060924
1.00056903345897,-15.7236381910014,-13.6986733210063,6.44318042554002,-4.26758346378022,-29.8369248804554,-18.9932067930935,38.9812353846289,-5.03172484712679,-20.1315893331943,22.8922644316091
1.09378106360134,-15.7310956563107,-13.7034621877795,6.45544831595446,-4.28114397868876,-29.8333223820102,-19.0100896582391,39.0012726452611,-5.08694342052537,-19.9354068107812,22.6236329406004
1.19036971331342,-15.7390144326487,-13.708755827815,6.46858943395457,-4.29759258695649,-29.8299118580133,-19.0274507226034,39.027583462861,-5.1448573752016,-19.716488225393,22.3207285647268
1.28957457470323,-15.747565505103,-13.7144296414344,6.48258002742631,-4.31733975593243,-29.8276555635966,-19.0454544496502,39.0608925876783,-5.2058809256355,-19.4744190655485,21.9826367350456
1.39067784901097,-15.7569427121266,-13.7203266926084,6.49736981054254,-4.34080425519867,-29.8276430920028,-19.0642875980339,39.1019657197291,-5.27052656003238,-19.2090060198992,21.60873347402
1.49301736139145,-15.7673631624733,-13.7262592083997,6.51288075033989,-4.36840877253811,-29.8310846663152,-19.0841587021349,39.151607383235,-5.33940488360617,-18.9202870956474,21.198710634643
1.59600461376856,-15.7790673331962,-13.7320109102478,6.52900637023067,-4.40057565170489,-29.8393015553197,-19.1052973659518,39.2106585306515,-5.41322198613117,-18.6085384285737,20.7525980808194
1.69914664684902,-15.7923187681992,-13.7373401639317,6.54561162404342,-4.43772288475396,-29.8537136486472,-19.1279534852149,39.2799937659201,-5.49277440283628,-18.2742779338072,20.2707822696352
1.80207037823807,-15.8074032951925,-13.7419839187167,6.5625333842971,-4.48026048128587,-29.8758243038584,-19.1523965197678,39.3605180678405,-5.57894182793304,-17.9182660550768,19.7540206803116
1.90454793134083,-15.8246276804266,-13.7456623910683,6.57958157710965,-4.52858732255376,-29.9072026509856,-19.1789149371554,39.4531628889485,-5.67267780738729,-17.5415039428398,19.2034515516342
2.00652124352295,-15.8443176463717,-13.7480844325133,6.59654098377262,-4.58308858961778,-29.9494636056299,-19.2078159403539,39.5588815015124,-5.77499867074025,-17.1452294210659,18.6205984471785
2.10812394852643,-15.866815188884,-13.7489535023817,6.61317371583987,-4.64413383052479,-30.0042458998137,-19.2394255777364,39.6786434617638,-5.88697095504268,-16.7309110879479,18.0073692635699
2.20969820280318,-15.8924751478396,-13.7479741438957,6.62922235671776,-4.71207570192499,-30.0731884906321,-19.274089311064,39.8134280704721,-6.00969753001991,-16.3002408384142,17.3660494202556
2.31180383634703,-15.9216610083072,-13.7448588388004,6.64441374849275,-4.78724938842357,-30.1579057477344,-19.3121730871678,39.9642167260486,-6.14430256551689,-15.8551249980959,16.6992891042323
2.41521706071417,-15.9547399375736,-13.7393350947876,6.6584633881289,-4.8699726713069,-30.2599618484774,-19.3540649210846,40.1319840956204,-6.29191541098561,-15.3976741317917,16.010084579411
2.52091609792062,-15.9920770962934,-13.7311526029901,6.67108038132395,-4.9605465866581,-30.3808448268741,-19.4001769524302,40.3176880680046,-6.45365340434838,-14.9301914660485,15.3017537098087
2.63005165266695,-16.0340292983011,-13.7200902894764,6.68197288383766,-5.05925657869741,-30.5219407387673,-19.4509478821443,40.522258500171,-6.63060361026223,-14.4551597847435,14.5779059968651
2.74390125124892,-16.0809381298626,-13.7059630749159,6.69085393863484,-5.16637401788286,-30.6845084280823,-19.506845633928,40.746584827636,-6.82380351309392,-13.9752266394012,13.8424075941555
2.86380812700121,-16.1331226710275,-13.6886281518243,6.69744759369925,-5.2821579195499,-30.8696554037101,-19.5683700161516,40.9915026785998,-7.0342207581558,-13.4931877463951,13.0993419182966
2.99110739030604,-16.1908719864456,-13.6679905906678,6.70149516164279,-5.40685667207442,-31.0783153511952,-19.6360550904342,41.2577797044033,-7.26273214205711,-13.0119684649515,12.3529665779154
3.12704433251151,-16.2544375702508,-13.6440080957308,6.70276146111315,-5.5407095642932,-31.3112277951976,-19.7104708903322,41.5461009036352,-7.51010219095234,-12.5346031892368,11.6076673361333
3.27269138690633,-16.3240259405553,-13.6166947497208,6.70104086569247,-5.6839478888617,-31.5689203903015,-19.7922240892578,41.8570537635556,-7.77696181777109,-12.0642123118177,10.8679096807895
3.42887101788574,-16.3997915845627,-13.5861236121243,6.69616298238949,-5.83679539132242,-31.8516942503669,-19.8819572032103,42.1911135649587,-8.06378769281267,-11.6039761720095,10.1381883383957
3.59609133731971,-16.4818304550693,-13.5524280681139,6.68799779054751,-5.99946783549704,-32.1596126408229,-19.9803459385924,42.5486291958029,-8.37088307282833,-11.1571051821879,9.4229748088709
3.77449960012487,-16.5701742118422,-13.5158018598228,6.67646009204621,-6.17217146721652,-32.4924932655108,-20.0880943567671,42.9298097989285,-8.69836089262143,-10.7268051996925,8.7266627883326
3.9638563042241,-16.6647853856134,-13.4764977689043,6.6615131524746,-6.35510018456936,-32.8499042823904,-20.2059276150937,43.334712543545,-9.04612991605874,-10.3162372201108,8.05351123681864
4.1635300145281,-16.7655536183579,-13.4348249578236,6.6431714468254,-6.54843126666118,-33.2311640795439,-20.3345821452494,43.7632317629395,-9.41388466642948,-9.92847062795981,7.40758486905143
4.37251082786815,-16.8722931036053,-13.3911450150814,6.62150245787247,-6.75231957122134,-33.6353447429854,-20.4747932323716,44.2150896500078,-9.8010997217976,-9.56642955112521,6.79269200483002
4.58943896734936,-16.984741318592,-13.3458667827567,6.59662750688734,-6.96689017532715,-34.0612790676229,-20.6272800576843,44.6898286576473,-10.2070287904542,-9.23283231011294,6.21231999201876
4.81264442846656,-17.1025591091026,-13.2994400708877,6.56872162274072,-7.19222949456809,-34.507570912671,-20.7927283636246,45.1868057184822,-10.630708789456,-8.93012451645129,5.66956878377678
5.04019374970704,-17.2253321585334,-13.2523483838447,6.53801247662064,-7.42837497206379,-34.9726086782857,-20.9717709979555,45.705188377128,-11.0709689410471,-8.66040702908712,5.16708368604131
5.26994058316445,-17.352573844376,-13.2051008031553,6.50477842616111,-7.6753034838757,-35.4545816672832,-21.1649666948888,46.2439529138749,-11.526444685266,-8.42536066424683,4.70698875320779
5.49957752729048,-17.4837294580537,-13.1582231914549,6.46934572498758,-7.93291866693787,-35.9514990827458,-21.3727775564504,46.8018845271174,-11.9955960003926,-8.22617019454492,4.29082274990238
5.72668745174085,-17.618181738221,-13.1122489018183,6.43208496161942,-8.20103744430633,-36.4612113948216,-21.5955458019903,47.3775796315683,-12.4767295512219,-8.06345069641775,3.91947996417386
5.94879317815348,-17.755257641509,-13.067709192057,6.3934067964956,-8.47937610528871,-36.981433787767,-21.8334704519507,47.969450321451,-12.9680239697175,-7.93717965897561,3.59315840712969
6.16340484057425,-17.8942362451434,-13.0251235514357,6.3537570697721,-8.76753639788162,-37.5097713710931,-22.086584698295,48.5757310438189,-13.4675575194229,-7.8466384178751,3.31131803225008
6.36806454435556,-18.0343576423091,-12.9849901465114,6.31361135575922,-9.06499220159887,-38.0437458072497,-22.3547347827724,49.194487524813,-13.9733373898274,-7.79036640660709,3.0726515381924
6.5603881060999,-18.1748326573441,-12.9477765848745,6.27346903965625,-9.37107745179816,-38.5808229756174,-22.6375612486266,49.8236279842721,-14.4833298832458,-7.76613141656272,2.87507007965336
6.7381037292098,-18.3148531793535,-12.913911183295,6.23384698696578,-9.68497605996214,-39.118441262077,-22.9344834465405,50.4609166537075,-14.9954907722879,-7.77091853108417,2.71570580856554
6.89908748554872,-18.4536028934862,-12.8837749127106,6.19527286885307,-10.0057146031581,-39.6540400365008,-23.2446881604621,51.1039895752352,-15.5077951122899,-7.80093968193032,2.59093262372385
7.04139546136611,-18.5902681792541,-12.8576941783714,6.15827820347065,-10.3321585350814,-40.1850878575293,-23.5671231723322,51.7503726069184,-16.018265795249,-7.85166493263926,2.49640585518456
7.16329240432041,-18.7240489423608,-12.8359345801782,6.12339117739255,-10.6630126013619,-40.7091099274178,-23.9004965015588,52.3975015011571,-16.5250001439621,-7.91787567871223,2.42712087877447
7.26327669030403,-18.854169147865,-12.818695785483,6.09112932249014,-10.9968260253092,-41.2237143150158,-24.2432819285609,53.0427438676012,-17.0261938840669,-7.99373900138927,2.37748986404089
7.34010142058036,-18.9798868278315,-12.8061076326221,6.06199213847397,-11.3320028691165,-41.7266164789216,-24.5937312371434,53.6834227875123,-17.520161908629,-8.07290146219465,2.34143504281977
7.39279146447554,-19.1005033478234,-12.7982275663861,6.03645376556382,-11.666817773472,-42.2156616600295,-24.9498933874316,54.31684181269,-18.0053553663969,-8.14859975633621,2.31249611806886
7.42065628108094,-19.2153717359289,-12.7950394861387,6.0149558225019,-11.9994370430401,-42.6888447725557,-25.3096405659611,54.9403110538965,-18.4803747559239,-8.21378494133008,2.28394880217167
7.42329838418268,-19.3239039069356,-12.7964540641251,5.99790053180587,-12.3279447873816,-43.1443275007102,-25.6707007665234,55.5511740346191,-18.9439788848066,-8.26125649198923,2.24893105730662
7.40061735616562,-19.4255766530253,-12.8023105659433,5.98564425677554,-12.6503735597685,-43.5804524000448,-26.030696252618,56.1468349530128,-19.395089743559,-8.28380224379326,2.20057345480117
7.35280936672654,-19.5199363194701,-12.8123801768017,5.97849157287807,-12.9647386764042,-43.9957539052987,-26.3871869554935,56.7247859620838,-19.8327935306319,-8.2743403654642,2.13213017715457
7.28036220847931,-19.6066021359284,-12.8263708058127,5.97668998965725,-13.2690751667285,-44.3889662562062,-26.7377175838699,57.2826340542954,-20.2563382310837,-8.22605979292338,2.03710751035866
7.18404592152435,-19.6852682267683,-12.8439333056147,5.98042542950928,-13.5614761254074,-44.7590284613295,-27.0798669790253,57.8181271286952,-20.6651282806504,-8.13255599563117,1.90938714295026
7.06489914043823,-19.7557043728497,-12.8646690043506,5.98981855854243,-13.8401311294979,-45.1050865168073,-27.4112980652893,58.3291788282023,-21.0587169272306,-7.98795947629197,1.74334211992311
6.92421135772486,-19.8177556376344,-12.8881384004969,6.00492205313003,-14.1033633623123,-45.4264931709609,-27.7298066461366,58.8138917591514,-21.4367969241321,-7.78705495377977,1.53394381157982
6.76350135558281,-19.8713409980578,-12.9138708215785,6.02571887241267,-14.3496641473205,-45.7228055675935,-28.0333672964472,59.2705787388817,-21.7991901506997,-7.52538965584664,1.27685868220194
6.58449211121351,-19.9164511333709,-12.9413748031113,6.05212159015779,-14.5777237271938,-45.9937811053547,-28.3201747036948,59.69778175372,-22.1458366645046,-7.19936948689348,0.968533943826164
6.38908252855107,-19.9531455255569,-12.9701489116487,6.08397281964038,-14.7864573054938,-46.2393718191602,-28.5886790045787,60.0942883448083,-22.4767835651166,-6.8063420235804,0.606271345489739
6.17931639049431,-19.9815490184337,-12.9996927191125,6.1210467455371,-14.9750255824015,-46.4597175306125,-28.8376139325256,60.4591451719548,-22.7921739160491,-6.34466534506036,0.188288379701055
5.95734896041362,-20.0018479736239,-13.0295176344402,6.16305175910847,-15.1428492435776,-46.6551379407459,-29.066016914089,60.7916685376363,-23.0922358474729,-5.81376164698288,-0.286233904531301
5.72541169072334,-20.0142861510844,-13.0591573105689,6.20963417534348,-15.2896170868022,-46.8261237651916,-29.2732406022746,61.0914516863704,-23.3772718603369,-5.21415444656489,-0.817117484345746
5.4857755215848,-20.0191604286211,-13.0881773662354,6.26038298991194,-15.4152876831676,-46.9733269518203,-29.4589556869553,61.3583687291489,-23.6476482815564,-4.54748800605446,-1.40316958613913
5.24071327756866,-20.0168164579755,-13.1161841890522,6.31483560926062,-15.5200846650089,-47.0975499811591,-29.6231451599882,61.592575076932,-23.903784786177,-3.81652745364241,-2.04218201325853
4.99246169900056,-20.0076443345801,-13.1428326161003,6.37248446249945,-15.6044859155559,-47.199734231531,-29.7660905275678,61.7945042999013,-24.146143907885,-3.02513804838303,-2.73094914926223
4.7431836837105,-19.9920743338809,-13.1678323201548,6.43278438283024,-15.6692071108114,-47.2809473917331,-29.8883507494042,61.9648613616601,-24.3752205004458,-2.17824219363521,-3.46530612145015
4.49493137080378,-19.9705727394914,-13.1909527643846,6.49516063023998,-15.7151802320407,-47.3423699214818,-29.9907349344497,62.1046122151068,-24.5915311816026,-1.28175319835528,-4.24018827641617
4.24961077736869,-19.9436377590947,-13.2120266268424,6.55901741453461,-15.7435278190821,-47.3852805912462,-30.0742700232743,62.2149697957561,-24.7956038760515,-0.342485437067797,-5.04971251656166
4.00894880587627,-19.9117954963333,-13.2309516381896,6.62374676704136,-15.7555338573522,-47.4110411750935,-30.1401648255598,62.2973765117618,-24.9879676601891,0.631958537709269,-5.88728018263599
3.77446357306437,-19.875595925086,-13.2476908203047,6.68873760024421,-15.7526122731089,-47.4210804175831,-30.1897718498603,62.3534834052609,-25.1691431821413,1.63332226945195,-6.74570009405837
3.54743915944622,-19.8356087997556,-13.2622711574006,6.75338478807503,-15.7362740464635,-47.4168774422899,-30.22454836021,62.3851262416854,-25.3396339739595,2.65284818325499,-7.61732917458119
3.32890601764144,-19.7924194326551,-13.2747807730622,6.8170980968165,-15.7080939414638,-47.3999448094304,-30.2460180249625,62.3942988678494,-25.4999189826787,3.68144481385418,-8.49422692196574
3.11962836659004,-19.7466242763641,-13.2853647249166,6.87931079847552,-15.6696778045828,-47.3718114597683,-30.2557343969003,62.3831242623261,-25.6504466210948,4.7098633552657,-9.3683189543432
2.92009988175106,-19.6988262628854,-13.2942195622361,6.93948780488896,-15.6226313066197,-47.3340058008489,-30.2552472918497,62.3538237791317,-25.7916305795475,5.72887762507532,-10.2315641000786
2.7305488068272,-19.649629870226,-13.3015868198206,6.99713317076287,-15.568530907257,-47.2880392007451,-30.2460729270675,62.3086851546704,-25.92384755523,6.72946113364306,-11.0761190880584
2.55095320940748,-19.5996359090457,-13.3077456440871,7.05179682641152,-15.5088977135214,-47.2353901547309,-30.2296684506862,62.2500299061357,-26.0474369586095,7.70295499754255,-11.8944948902744
2.38106646418366,-19.5494360467367,-13.3130047650943,7.10308041557382,-15.4451747868735,-47.1774893813843,-30.2074112498775,62.1801807947086,-26.1627025573545,8.64122092610725,-12.6796991629686
2.22045221230296,-19.4996071136844,-13.317694041401,7.15064212989926,-15.3787083273011,-47.1157060857029,-30.1805831803813,62.1014300535733,-26.2699159194548,9.53677439062523,-13.4253599978165
2.06852711959087,-19.4507052653557,-13.3221558122052,7.19420044945862,-15.3107330225602,-47.0513355979315,-30.150359627719,62.0160090812292,-26.369321419851,10.3828943076403,-14.1258272955744
1.92460889960473,-19.4032601009822,-13.3267362916322,7.23353671886349,-15.2423616962559,-46.9855885595541,-30.1178031040769,61.9260602692007,-26.4611424851453,11.1737070423463,-14.7762494383912
1.78796645670409,-19.3577688608074,-13.3317772321737,7.26849651255359,-15.1745792273087,-46.9195817850865,-30.083860914715,61.8336115699888,-26.54558868028,11.9042441054169,-15.3726244282358
1.65786878195888,-19.3146908368573,-13.3376080678998,7.29898977072952,-15.1082405580505,-46.8543308826888,-30.049366301013,61.740554320568,-26.622863200152,12.5704743957742,-15.9118261088111
1.53362946258335,-19.2744421378083,-13.3445387239236,7.32498971790255,-15.0440724700809,-46.7907446706991,-30.015042388988,61.6486247251517,-26.6931703235197,13.1693130904059,-16.3916073411653
1.41464430503226,-19.2373909487835,-13.3528532482611,7.34653060738394,-14.9826786934663,-46.7296213834316,-29.9815082444735,61.5593892745976,-26.7567224158159,13.6986101967304,-16.8105829398575
1.30042049914268,-19.2038534219526,-13.3628043876501,7.36370436682372,-14.9245478309923,-46.6716466195247,-29.9492863567855,61.4742342449945,-26.8137461256858,14.1571222906226,-17.1681957272799
1.19059679985941,-19.1740903216031,-13.3746091920724,7.37665625288712,-14.8700635289683,-46.6173929504839,-29.9188109352318,61.3943592814655,-26.8644874973525,14.5444710500068,-17.4646692248176
1.08495521748579,-19.1483045267062,-13.3884456955283,7.38557965701416,-14.8195163097136,-46.5673210769788,-29.8904364984608,61.3207749428546,-26.9092158061747,14.8610919219878,-17.7009503332844
